run:
************************************************************************************

Esta es la matriz original
 ???????????????????
0 7 2 0 0 0 0 0 5 
0 0 0 0 0 0 0 0 0 
0 0 0 0 1 8 0 0 0 
0 0 0 0 0 0 0 0 3 
0 0 0 0 6 0 0 0 0 
0 0 0 0 0 0 0 0 0 
0 0 0 0 0 0 0 0 0 
0 0 0 0 0 0 0 0 0 
9 0 0 4 0 0 0 0 0 



 ???????????????????
0 7 2 0 0 0 0 0 5 
0 0 0 0 0 0 0 0 0 
0 0 0 0 1 8 0 0 0 
0 0 0 0 0 0 0 0 3 
0 0 0 0 6 0 2 0 0 
0 0 0 0 0 0 4 0 0 
0 0 0 0 0 0 0 0 0 
0 0 0 0 0 0 0 0 0 
9 0 0 4 0 0 0 0 0 
*******************************************************************************************
La ficha que obtube fue: [2,4] En un angulo de:  0
*******************************************************************************************



Me disculpo, falle buscnado la solucion, volvere a intentar
Este fue el tablero que quedo despues de que fallara: 
 ???????????????????
0 7 2 0 0 0 0 0 5 
0 0 0 0 0 0 0 0 0 
0 0 0 0 1 8 0 0 0 
0 0 0 0 0 0 0 0 3 
0 0 0 0 6 0 2 0 0 
0 0 0 0 0 0 4 0 0 
0 0 0 0 0 0 0 0 0 
0 0 0 0 0 0 0 0 0 
9 0 0 4 0 0 8 2 0 
************************************************************************************

Esta es la matriz original
 ???????????????????
0 7 2 0 0 0 0 0 5 
0 0 0 0 0 0 0 0 0 
0 0 0 0 1 8 0 0 0 
0 0 0 0 0 0 0 0 3 
0 0 0 0 6 0 0 0 0 
0 0 0 0 0 0 0 0 0 
0 0 0 0 0 0 0 0 0 
0 0 0 0 0 0 0 0 0 
9 0 0 4 0 0 0 0 0 




Me disculpo, falle buscnado la solucion, volvere a intentar
Este fue el tablero que quedo despues de que fallara: 
 ???????????????????
0 7 2 0 0 0 0 0 5 
0 0 0 0 0 0 0 0 0 
0 0 0 0 1 8 0 0 0 
0 0 0 0 0 0 0 0 3 
0 0 0 0 6 0 0 0 0 
0 0 0 0 0 0 0 0 0 
0 0 0 0 0 0 0 0 0 
0 0 0 0 0 0 0 0 0 
9 0 0 4 0 0 0 0 0 
************************************************************************************

Esta es la matriz original
 ???????????????????
0 7 2 0 0 0 0 0 5 
0 0 0 0 0 0 0 0 0 
0 0 0 0 1 8 0 0 0 
0 0 0 0 0 0 0 0 3 
0 0 0 0 6 0 0 0 0 
0 0 0 0 0 0 0 0 0 
0 0 0 0 0 0 0 0 0 
0 0 0 0 0 0 0 0 0 
9 0 0 4 0 0 0 0 0 



 ???????????????????
0 7 2 0 0 0 0 0 5 
0 0 0 0 0 0 0 0 0 
0 0 0 0 1 8 0 0 0 
0 0 0 0 0 0 0 0 3 
0 0 0 0 6 0 0 0 0 
0 0 0 0 0 0 0 0 0 
0 0 0 0 0 0 0 0 0 
0 5 0 0 0 0 0 0 0 
9 6 0 4 0 0 0 0 0 
*******************************************************************************************
La ficha que obtube fue: [5,6] En un angulo de:  0
*******************************************************************************************



Me disculpo, falle buscnado la solucion, volvere a intentar
Este fue el tablero que quedo despues de que fallara: 
 ???????????????????
0 7 2 0 0 0 0 0 5 
0 0 0 0 0 0 0 0 0 
0 0 0 0 1 8 0 0 0 
0 0 0 0 0 0 0 0 3 
0 0 0 0 6 0 0 0 0 
0 0 0 0 0 0 0 0 0 
0 0 0 0 0 0 0 0 0 
0 5 0 0 0 0 0 0 0 
9 6 0 4 0 0 0 0 0 
************************************************************************************

Esta es la matriz original
 ???????????????????
0 7 2 0 0 0 0 0 5 
0 0 0 0 0 0 0 0 0 
0 0 0 0 1 8 0 0 0 
0 0 0 0 0 0 0 0 3 
0 0 0 0 6 0 0 0 0 
0 0 0 0 0 0 0 0 0 
0 0 0 0 0 0 0 0 0 
0 0 0 0 0 0 0 0 0 
9 0 0 4 0 0 0 0 0 




Me disculpo, falle buscnado la solucion, volvere a intentar
Este fue el tablero que quedo despues de que fallara: 
 ???????????????????
0 7 2 0 0 0 0 0 5 
0 0 0 0 0 0 0 0 0 
0 0 0 0 1 8 0 0 0 
0 0 4 2 0 0 0 0 3 
0 0 0 0 6 0 0 0 0 
0 0 0 0 0 0 0 0 0 
0 0 0 0 0 0 0 0 0 
0 0 0 0 0 0 0 0 0 
9 0 0 4 0 0 0 0 0 
************************************************************************************

Esta es la matriz original
 ???????????????????
0 7 2 0 0 0 0 0 5 
0 0 0 0 0 0 0 0 0 
0 0 0 0 1 8 0 0 0 
0 0 0 0 0 0 0 0 3 
0 0 0 0 6 0 0 0 0 
0 0 0 0 0 0 0 0 0 
0 0 0 0 0 0 0 0 0 
0 0 0 0 0 0 0 0 0 
9 0 0 4 0 0 0 0 0 



 ???????????????????
0 7 2 0 0 0 0 0 5 
0 0 0 0 0 0 0 0 0 
0 0 0 0 1 8 0 0 0 
0 0 0 0 0 0 0 0 3 
0 0 0 5 6 0 0 0 0 
0 0 0 8 0 0 0 0 0 
0 0 0 0 0 0 0 0 0 
0 0 0 0 0 0 0 0 0 
9 0 0 4 0 0 0 0 0 
*******************************************************************************************
La ficha que obtube fue: [5,8] En un angulo de:  0
*******************************************************************************************


 ???????????????????
0 7 2 0 3 0 0 0 5 
0 0 0 0 9 0 0 0 0 
0 0 0 0 1 8 0 0 0 
0 0 0 0 0 0 0 0 3 
0 0 0 5 6 0 0 0 0 
0 0 0 8 0 0 0 0 0 
0 0 0 0 0 0 0 0 0 
0 0 0 0 0 0 0 0 0 
9 0 0 4 0 0 0 0 0 
*******************************************************************************************
La ficha que obtube fue: [3,9] En un angulo de:  0
*******************************************************************************************



Me disculpo, falle buscnado la solucion, volvere a intentar
Este fue el tablero que quedo despues de que fallara: 
 ???????????????????
0 7 2 0 3 0 0 0 5 
0 0 0 0 9 0 0 0 0 
0 0 0 0 1 8 0 0 0 
0 0 0 0 0 0 0 0 3 
0 0 0 5 6 0 8 7 0 
0 0 0 8 0 0 0 0 0 
0 0 0 0 0 0 0 0 0 
0 0 0 0 0 0 0 0 0 
9 0 0 4 0 0 0 0 0 
************************************************************************************

Esta es la matriz original
 ???????????????????
0 7 2 0 0 0 0 0 5 
0 0 0 0 0 0 0 0 0 
0 0 0 0 1 8 0 0 0 
0 0 0 0 0 0 0 0 3 
0 0 0 0 6 0 0 0 0 
0 0 0 0 0 0 0 0 0 
0 0 0 0 0 0 0 0 0 
0 0 0 0 0 0 0 0 0 
9 0 0 4 0 0 0 0 0 



 ???????????????????
0 7 2 0 0 0 0 0 5 
0 0 0 0 0 0 0 0 0 
0 0 0 0 1 8 0 0 0 
0 0 0 0 0 0 0 0 3 
0 0 0 2 6 0 0 0 0 
0 0 0 7 0 0 0 0 0 
0 0 0 0 0 0 0 0 0 
0 0 0 0 0 0 0 0 0 
9 0 0 4 0 0 0 0 0 
*******************************************************************************************
La ficha que obtube fue: [2,7] En un angulo de:  0
*******************************************************************************************


 ???????????????????
0 7 2 0 0 0 0 0 5 
0 0 0 0 0 0 0 0 0 
0 0 0 0 1 8 0 0 0 
0 0 0 0 0 0 0 0 3 
0 0 0 2 6 0 0 0 0 
0 0 0 7 0 0 0 0 0 
0 0 0 0 0 0 0 0 1 
0 0 0 0 0 0 0 0 2 
9 0 0 4 0 0 0 0 0 
*******************************************************************************************
La ficha que obtube fue: [1,2] En un angulo de:  0
*******************************************************************************************


 ???????????????????
0 7 2 0 4 0 0 0 5 
0 0 0 0 9 0 0 0 0 
0 0 0 0 1 8 0 0 0 
0 0 0 0 0 0 0 0 3 
0 0 0 2 6 0 0 0 0 
0 0 0 7 0 0 0 0 0 
0 0 0 0 0 0 0 0 1 
0 0 0 0 0 0 0 0 2 
9 0 0 4 0 0 0 0 0 
*******************************************************************************************
La ficha que obtube fue: [4,9] En un angulo de:  0
*******************************************************************************************


 ???????????????????
0 7 2 0 4 0 0 0 5 
0 0 0 0 9 0 0 0 0 
0 0 0 0 1 8 0 0 0 
0 0 0 0 0 0 0 0 3 
0 0 0 2 6 0 7 0 0 
0 0 0 7 0 0 8 0 0 
0 0 0 0 0 0 0 0 1 
0 0 0 0 0 0 0 0 2 
9 0 0 4 0 0 0 0 0 
*******************************************************************************************
La ficha que obtube fue: [7,8] En un angulo de:  0
*******************************************************************************************


 ???????????????????
0 7 2 0 4 0 0 0 5 
0 0 0 0 9 0 0 0 7 
0 0 0 0 1 8 0 0 9 
0 0 0 0 0 0 0 0 3 
0 0 0 2 6 0 7 0 0 
0 0 0 7 0 0 8 0 0 
0 0 0 0 0 0 0 0 1 
0 0 0 0 0 0 0 0 2 
9 0 0 4 0 0 0 0 0 
*******************************************************************************************
La ficha que obtube fue: [7,9] En un angulo de:  0
*******************************************************************************************


 ???????????????????
0 7 2 0 4 0 0 0 5 
0 0 0 0 9 0 0 0 7 
0 0 0 0 1 8 0 0 9 
0 0 0 0 0 0 0 0 3 
0 0 0 2 6 0 7 0 0 
0 0 0 7 0 0 8 0 0 
0 0 0 0 0 0 0 0 1 
0 6 7 0 0 0 0 0 2 
9 0 0 4 0 0 0 0 0 
*******************************************************************************************
La ficha que obtube fue: [6,7] En un angulo de:  270
*******************************************************************************************


 ???????????????????
0 7 2 0 4 0 0 0 5 
0 0 0 0 9 0 0 0 7 
0 0 0 0 1 8 0 0 9 
0 0 0 0 0 0 0 0 3 
0 0 0 2 6 0 7 0 0 
0 0 0 7 0 0 8 1 0 
0 0 0 0 0 0 0 7 1 
0 6 7 0 0 0 0 0 2 
9 0 0 4 0 0 0 0 0 
*******************************************************************************************
La ficha que obtube fue: [1,7] En un angulo de:  0
*******************************************************************************************


 ???????????????????
0 7 2 0 4 0 0 0 5 
0 0 0 0 9 0 0 0 7 
0 0 0 0 1 8 0 0 9 
0 0 0 0 0 0 0 0 3 
0 1 0 2 6 0 7 0 0 
0 4 0 7 0 0 8 1 0 
0 0 0 0 0 0 0 7 1 
0 6 7 0 0 0 0 0 2 
9 0 0 4 0 0 0 0 0 
*******************************************************************************************
La ficha que obtube fue: [1,4] En un angulo de:  0
*******************************************************************************************



Me disculpo, falle buscnado la solucion, volvere a intentar
Este fue el tablero que quedo despues de que fallara: 
 ???????????????????
0 7 2 0 4 0 0 0 5 
0 0 0 0 9 0 3 8 7 
0 0 0 0 1 8 0 0 9 
0 0 0 0 0 0 0 0 3 
0 1 0 2 6 0 7 0 0 
0 4 0 7 0 0 8 1 0 
0 0 0 0 0 0 0 7 1 
0 6 7 0 0 0 0 0 2 
9 0 0 4 0 0 0 0 0 
************************************************************************************

Esta es la matriz original
 ???????????????????
0 7 2 0 0 0 0 0 5 
0 0 0 0 0 0 0 0 0 
0 0 0 0 1 8 0 0 0 
0 0 0 0 0 0 0 0 3 
0 0 0 0 6 0 0 0 0 
0 0 0 0 0 0 0 0 0 
0 0 0 0 0 0 0 0 0 
0 0 0 0 0 0 0 0 0 
9 0 0 4 0 0 0 0 0 



 ???????????????????
0 7 2 0 0 0 0 0 5 
0 0 0 0 0 0 0 0 0 
0 0 0 0 1 8 0 0 0 
0 0 0 0 0 0 0 0 3 
0 0 0 0 6 0 0 0 7 
0 0 0 0 0 0 0 0 9 
0 0 0 0 0 0 0 0 0 
0 0 0 0 0 0 0 0 0 
9 0 0 4 0 0 0 0 0 
*******************************************************************************************
La ficha que obtube fue: [7,9] En un angulo de:  0
*******************************************************************************************


 ???????????????????
0 7 2 0 0 0 0 0 5 
0 0 0 0 0 0 0 0 0 
0 0 0 0 1 8 0 0 0 
0 0 0 0 0 0 0 0 3 
0 0 0 0 6 0 0 0 7 
0 0 0 0 0 0 0 0 9 
0 0 0 0 0 0 0 0 0 
0 0 0 0 0 0 1 0 0 
9 0 0 4 0 0 7 0 0 
*******************************************************************************************
La ficha que obtube fue: [1,7] En un angulo de:  0
*******************************************************************************************



Me disculpo, falle buscnado la solucion, volvere a intentar
Este fue el tablero que quedo despues de que fallara: 
 ???????????????????
0 7 2 0 0 0 0 0 5 
0 0 0 0 0 0 0 0 0 
0 0 0 0 1 8 0 0 0 
0 0 0 0 0 0 0 0 3 
0 0 0 0 6 0 0 0 7 
0 0 0 0 0 0 0 0 9 
0 0 0 0 0 0 0 0 0 
0 0 0 0 0 0 1 0 0 
9 0 0 4 0 0 7 0 0 
************************************************************************************

Esta es la matriz original
 ???????????????????
0 7 2 0 0 0 0 0 5 
0 0 0 0 0 0 0 0 0 
0 0 0 0 1 8 0 0 0 
0 0 0 0 0 0 0 0 3 
0 0 0 0 6 0 0 0 0 
0 0 0 0 0 0 0 0 0 
0 0 0 0 0 0 0 0 0 
0 0 0 0 0 0 0 0 0 
9 0 0 4 0 0 0 0 0 



 ???????????????????
0 7 2 0 0 0 0 0 5 
0 0 0 0 0 0 2 0 0 
0 0 0 0 1 8 7 0 0 
0 0 0 0 0 0 0 0 3 
0 0 0 0 6 0 0 0 0 
0 0 0 0 0 0 0 0 0 
0 0 0 0 0 0 0 0 0 
0 0 0 0 0 0 0 0 0 
9 0 0 4 0 0 0 0 0 
*******************************************************************************************
La ficha que obtube fue: [2,7] En un angulo de:  0
*******************************************************************************************


 ???????????????????
0 7 2 0 0 0 0 0 5 
0 0 0 0 0 0 2 0 0 
0 4 0 0 1 8 7 0 0 
0 6 0 0 0 0 0 0 3 
0 0 0 0 6 0 0 0 0 
0 0 0 0 0 0 0 0 0 
0 0 0 0 0 0 0 0 0 
0 0 0 0 0 0 0 0 0 
9 0 0 4 0 0 0 0 0 
*******************************************************************************************
La ficha que obtube fue: [4,6] En un angulo de:  0
*******************************************************************************************


 ???????????????????
0 7 2 0 0 0 0 0 5 
0 0 0 0 0 0 2 0 0 
0 4 0 0 1 8 7 0 0 
0 6 0 0 0 0 0 0 3 
0 0 0 0 6 0 0 0 0 
0 0 0 0 0 0 0 0 0 
0 0 0 0 0 0 0 0 0 
0 0 8 9 0 0 0 0 0 
9 0 0 4 0 0 0 0 0 
*******************************************************************************************
La ficha que obtube fue: [8,9] En un angulo de:  270
*******************************************************************************************


No puede poner el dato 9 en [0][1]

Me disculpo, falle buscnado la solucion, volvere a intentar
Este fue el tablero que quedo despues de que fallara: 
 ???????????????????
6 7 2 0 0 0 0 0 5 
0 0 0 0 0 0 2 0 0 
0 4 0 0 1 8 7 0 0 
0 6 0 0 0 0 0 0 3 
0 0 0 0 6 0 0 0 0 
0 0 0 0 0 0 0 0 0 
0 0 0 0 0 0 0 0 0 
0 0 8 9 0 0 0 0 0 
9 0 0 4 0 0 0 0 0 
************************************************************************************

Esta es la matriz original
 ???????????????????
0 7 2 0 0 0 0 0 5 
0 0 0 0 0 0 0 0 0 
0 0 0 0 1 8 0 0 0 
0 0 0 0 0 0 0 0 3 
0 0 0 0 6 0 0 0 0 
0 0 0 0 0 0 0 0 0 
0 0 0 0 0 0 0 0 0 
0 0 0 0 0 0 0 0 0 
9 0 0 4 0 0 0 0 0 



 ???????????????????
0 7 2 0 0 0 0 0 5 
0 0 0 0 0 0 0 0 0 
0 0 0 0 1 8 0 0 0 
0 0 0 0 0 0 0 0 3 
0 0 0 0 6 0 0 0 0 
0 0 0 0 0 0 0 0 0 
0 0 0 0 5 0 0 0 0 
0 0 0 0 9 0 0 0 0 
9 0 0 4 0 0 0 0 0 
*******************************************************************************************
La ficha que obtube fue: [5,9] En un angulo de:  0
*******************************************************************************************


 ???????????????????
0 7 2 0 0 0 0 0 5 
0 0 0 0 0 0 0 0 0 
0 0 0 0 1 8 0 2 0 
0 0 0 0 0 0 0 7 3 
0 0 0 0 6 0 0 0 0 
0 0 0 0 0 0 0 0 0 
0 0 0 0 5 0 0 0 0 
0 0 0 0 9 0 0 0 0 
9 0 0 4 0 0 0 0 0 
*******************************************************************************************
La ficha que obtube fue: [2,7] En un angulo de:  0
*******************************************************************************************


 ???????????????????
0 7 2 0 0 0 0 0 5 
0 0 0 0 0 0 0 0 0 
0 0 0 0 1 8 0 2 0 
0 0 0 0 0 0 0 7 3 
0 0 0 0 6 0 0 0 0 
0 0 0 0 0 0 0 0 0 
0 0 0 0 5 0 1 0 0 
0 0 0 0 9 0 4 0 0 
9 0 0 4 0 0 0 0 0 
*******************************************************************************************
La ficha que obtube fue: [1,4] En un angulo de:  0
*******************************************************************************************


No puede poner el dato 9 en [6][6]
 ???????????????????
0 7 2 0 0 0 0 0 5 
0 0 0 0 0 0 0 0 0 
0 0 0 0 1 8 0 2 0 
0 0 0 0 0 0 0 7 3 
0 0 0 0 6 0 0 0 0 
0 0 0 0 0 0 5 0 0 
0 0 0 0 5 0 1 0 0 
0 0 0 0 9 0 4 0 0 
9 0 0 4 0 0 0 0 0 
*******************************************************************************************
La ficha que obtube fue: [5,9] En un angulo de:  0
*******************************************************************************************



Me disculpo, falle buscnado la solucion, volvere a intentar
Este fue el tablero que quedo despues de que fallara: 
 ???????????????????
0 7 2 0 0 0 0 0 5 
0 8 6 0 0 0 0 0 0 
0 0 0 0 1 8 0 2 0 
0 0 0 0 0 0 0 7 3 
0 0 0 0 6 0 0 0 0 
0 0 0 0 0 0 5 0 0 
0 0 0 0 5 0 1 0 0 
0 0 0 0 9 0 4 0 0 
9 0 0 4 0 0 0 0 0 
************************************************************************************

Esta es la matriz original
 ???????????????????
0 7 2 0 0 0 0 0 5 
0 0 0 0 0 0 0 0 0 
0 0 0 0 1 8 0 0 0 
0 0 0 0 0 0 0 0 3 
0 0 0 0 6 0 0 0 0 
0 0 0 0 0 0 0 0 0 
0 0 0 0 0 0 0 0 0 
0 0 0 0 0 0 0 0 0 
9 0 0 4 0 0 0 0 0 




Me disculpo, falle buscnado la solucion, volvere a intentar
Este fue el tablero que quedo despues de que fallara: 
 ???????????????????
0 7 2 0 0 0 0 0 5 
0 0 0 0 0 0 0 0 0 
0 0 0 0 1 8 0 0 0 
1 9 0 0 0 0 0 0 3 
0 0 0 0 6 0 0 0 0 
0 0 0 0 0 0 0 0 0 
0 0 0 0 0 0 0 0 0 
0 0 0 0 0 0 0 0 0 
9 0 0 4 0 0 0 0 0 
************************************************************************************

Esta es la matriz original
 ???????????????????
0 7 2 0 0 0 0 0 5 
0 0 0 0 0 0 0 0 0 
0 0 0 0 1 8 0 0 0 
0 0 0 0 0 0 0 0 3 
0 0 0 0 6 0 0 0 0 
0 0 0 0 0 0 0 0 0 
0 0 0 0 0 0 0 0 0 
0 0 0 0 0 0 0 0 0 
9 0 0 4 0 0 0 0 0 



 ???????????????????
0 7 2 0 0 0 0 0 5 
0 0 0 0 0 0 0 0 0 
0 0 0 0 1 8 0 0 0 
0 0 0 0 0 0 0 0 3 
0 0 0 2 6 0 0 0 0 
0 0 0 5 0 0 0 0 0 
0 0 0 0 0 0 0 0 0 
0 0 0 0 0 0 0 0 0 
9 0 0 4 0 0 0 0 0 
*******************************************************************************************
La ficha que obtube fue: [2,5] En un angulo de:  0
*******************************************************************************************


No puede poner el dato 6 en [8][0]
 ???????????????????
0 7 2 0 0 0 0 0 5 
0 0 0 0 0 0 0 0 0 
0 0 0 0 1 8 0 0 0 
0 0 0 0 0 0 0 0 3 
0 0 0 2 6 0 0 0 0 
0 0 0 5 0 0 0 0 0 
0 0 0 0 0 0 0 0 0 
4 0 0 0 0 0 0 0 0 
9 0 0 4 0 0 0 0 0 
*******************************************************************************************
La ficha que obtube fue: [4,6] En un angulo de:  0
*******************************************************************************************


 ???????????????????
0 7 2 0 0 0 0 0 5 
0 0 0 0 0 0 0 0 0 
0 0 0 0 1 8 0 0 0 
0 0 0 0 0 0 0 0 3 
0 0 0 2 6 0 0 0 0 
0 0 0 5 0 0 0 1 0 
0 0 0 0 0 0 0 4 0 
4 0 0 0 0 0 0 0 0 
9 0 0 4 0 0 0 0 0 
*******************************************************************************************
La ficha que obtube fue: [1,4] En un angulo de:  0
*******************************************************************************************


 ???????????????????
0 7 2 0 0 0 0 0 5 
0 0 0 0 0 0 0 0 0 
0 0 0 0 1 8 0 0 0 
0 0 0 0 0 0 6 0 3 
0 0 0 2 6 0 9 0 0 
0 0 0 5 0 0 0 1 0 
0 0 0 0 0 0 0 4 0 
4 0 0 0 0 0 0 0 0 
9 0 0 4 0 0 0 0 0 
*******************************************************************************************
La ficha que obtube fue: [6,9] En un angulo de:  0
*******************************************************************************************


 ???????????????????
0 7 2 0 0 0 0 3 5 
0 0 0 0 0 0 0 7 0 
0 0 0 0 1 8 0 0 0 
0 0 0 0 0 0 6 0 3 
0 0 0 2 6 0 9 0 0 
0 0 0 5 0 0 0 1 0 
0 0 0 0 0 0 0 4 0 
4 0 0 0 0 0 0 0 0 
9 0 0 4 0 0 0 0 0 
*******************************************************************************************
La ficha que obtube fue: [3,7] En un angulo de:  0
*******************************************************************************************


No puede poner el dato 9 en [0][7]

Me disculpo, falle buscnado la solucion, volvere a intentar
Este fue el tablero que quedo despues de que fallara: 
 ???????????????????
0 7 2 0 0 0 1 3 5 
0 0 0 0 0 0 0 7 0 
0 0 0 0 1 8 0 0 0 
0 0 0 0 0 0 6 0 3 
0 0 0 2 6 0 9 0 0 
0 0 0 5 0 0 0 1 0 
0 0 0 0 0 0 0 4 0 
4 0 0 0 0 0 0 0 0 
9 0 0 4 0 0 0 0 0 
************************************************************************************

Esta es la matriz original
 ???????????????????
0 7 2 0 0 0 0 0 5 
0 0 0 0 0 0 0 0 0 
0 0 0 0 1 8 0 0 0 
0 0 0 0 0 0 0 0 3 
0 0 0 0 6 0 0 0 0 
0 0 0 0 0 0 0 0 0 
0 0 0 0 0 0 0 0 0 
0 0 0 0 0 0 0 0 0 
9 0 0 4 0 0 0 0 0 




Me disculpo, falle buscnado la solucion, volvere a intentar
Este fue el tablero que quedo despues de que fallara: 
 ???????????????????
0 7 2 0 0 0 0 0 5 
0 0 0 0 0 0 0 0 0 
0 0 0 0 1 8 0 0 0 
0 0 0 0 0 0 0 0 3 
0 0 0 0 6 0 0 0 0 
0 0 0 0 3 1 0 0 0 
0 0 0 0 0 0 0 0 0 
0 0 0 0 0 0 0 0 0 
9 0 0 4 0 0 0 0 0 
************************************************************************************

Esta es la matriz original
 ???????????????????
0 7 2 0 0 0 0 0 5 
0 0 0 0 0 0 0 0 0 
0 0 0 0 1 8 0 0 0 
0 0 0 0 0 0 0 0 3 
0 0 0 0 6 0 0 0 0 
0 0 0 0 0 0 0 0 0 
0 0 0 0 0 0 0 0 0 
0 0 0 0 0 0 0 0 0 
9 0 0 4 0 0 0 0 0 




Me disculpo, falle buscnado la solucion, volvere a intentar
Este fue el tablero que quedo despues de que fallara: 
 ???????????????????
0 7 2 0 0 0 0 0 5 
0 0 0 0 0 0 0 0 0 
0 0 0 0 1 8 0 0 0 
0 0 0 0 0 0 0 0 3 
0 0 0 0 6 0 0 0 0 
0 0 0 0 0 0 0 0 0 
0 0 0 0 0 0 0 0 0 
0 0 0 0 0 0 0 0 0 
9 8 7 4 0 0 0 0 0 
************************************************************************************

Esta es la matriz original
 ???????????????????
0 7 2 0 0 0 0 0 5 
0 0 0 0 0 0 0 0 0 
0 0 0 0 1 8 0 0 0 
0 0 0 0 0 0 0 0 3 
0 0 0 0 6 0 0 0 0 
0 0 0 0 0 0 0 0 0 
0 0 0 0 0 0 0 0 0 
0 0 0 0 0 0 0 0 0 
9 0 0 4 0 0 0 0 0 



 ???????????????????
0 7 2 0 0 0 0 0 5 
0 0 0 0 0 0 0 0 0 
0 0 0 0 1 8 0 0 0 
0 0 0 0 0 0 0 0 3 
0 0 0 0 6 0 0 0 0 
0 0 0 0 0 0 0 0 0 
0 0 0 0 0 0 0 0 0 
0 0 0 0 0 2 0 0 0 
9 0 0 4 0 5 0 0 0 
*******************************************************************************************
La ficha que obtube fue: [2,5] En un angulo de:  0
*******************************************************************************************



Me disculpo, falle buscnado la solucion, volvere a intentar
Este fue el tablero que quedo despues de que fallara: 
 ???????????????????
0 7 2 0 0 0 0 0 5 
0 0 0 0 0 0 0 0 0 
0 0 0 0 1 8 0 0 0 
0 0 0 0 0 0 0 0 3 
0 0 0 0 6 0 0 0 0 
0 0 0 0 0 0 0 0 0 
0 0 0 0 0 0 0 0 0 
0 0 0 0 0 2 0 0 0 
9 0 0 4 0 5 0 0 0 
************************************************************************************

Esta es la matriz original
 ???????????????????
0 7 2 0 0 0 0 0 5 
0 0 0 0 0 0 0 0 0 
0 0 0 0 1 8 0 0 0 
0 0 0 0 0 0 0 0 3 
0 0 0 0 6 0 0 0 0 
0 0 0 0 0 0 0 0 0 
0 0 0 0 0 0 0 0 0 
0 0 0 0 0 0 0 0 0 
9 0 0 4 0 0 0 0 0 



 ???????????????????
0 7 2 0 0 0 0 0 5 
0 0 0 0 0 0 0 0 0 
0 0 0 0 1 8 0 0 0 
0 0 0 0 0 0 0 0 3 
0 0 0 0 6 0 0 0 0 
0 0 0 0 0 0 0 0 0 
0 4 0 0 0 0 0 0 0 
0 6 0 0 0 0 0 0 0 
9 0 0 4 0 0 0 0 0 
*******************************************************************************************
La ficha que obtube fue: [4,6] En un angulo de:  0
*******************************************************************************************


 ???????????????????
0 7 2 0 0 0 0 0 5 
0 0 0 0 0 0 0 0 0 
0 0 0 0 1 8 0 0 0 
0 0 0 0 0 0 0 0 3 
0 0 0 0 6 0 0 0 0 
0 0 0 0 0 0 0 0 0 
0 4 0 0 0 0 0 0 7 
0 6 0 0 0 0 0 0 9 
9 0 0 4 0 0 0 0 0 
*******************************************************************************************
La ficha que obtube fue: [7,9] En un angulo de:  0
*******************************************************************************************


 ???????????????????
0 7 2 0 0 0 0 0 5 
0 0 0 0 0 0 0 0 0 
0 0 0 0 1 8 0 0 0 
0 0 0 0 0 2 0 0 3 
0 0 0 0 6 3 0 0 0 
0 0 0 0 0 0 0 0 0 
0 4 0 0 0 0 0 0 7 
0 6 0 0 0 0 0 0 9 
9 0 0 4 0 0 0 0 0 
*******************************************************************************************
La ficha que obtube fue: [2,3] En un angulo de:  0
*******************************************************************************************



Me disculpo, falle buscnado la solucion, volvere a intentar
Este fue el tablero que quedo despues de que fallara: 
 ???????????????????
0 7 2 0 0 0 0 0 5 
0 0 0 0 0 9 1 0 0 
0 0 0 0 1 8 0 0 0 
0 0 0 0 0 2 0 0 3 
0 0 0 0 6 3 0 0 0 
0 0 0 0 0 0 0 0 0 
0 4 0 0 0 0 0 0 7 
0 6 0 0 0 0 0 0 9 
9 0 0 4 0 0 0 0 0 
************************************************************************************

Esta es la matriz original
 ???????????????????
0 7 2 0 0 0 0 0 5 
0 0 0 0 0 0 0 0 0 
0 0 0 0 1 8 0 0 0 
0 0 0 0 0 0 0 0 3 
0 0 0 0 6 0 0 0 0 
0 0 0 0 0 0 0 0 0 
0 0 0 0 0 0 0 0 0 
0 0 0 0 0 0 0 0 0 
9 0 0 4 0 0 0 0 0 




Me disculpo, falle buscnado la solucion, volvere a intentar
Este fue el tablero que quedo despues de que fallara: 
 ???????????????????
0 7 2 0 0 0 0 0 5 
0 0 0 0 5 6 0 0 0 
0 0 0 0 1 8 0 0 0 
0 0 0 0 0 0 0 0 3 
0 0 0 0 6 0 0 0 0 
0 0 0 0 0 0 0 0 0 
0 0 0 0 0 0 0 0 0 
0 0 0 0 0 0 0 0 0 
9 0 0 4 0 0 0 0 0 
************************************************************************************

Esta es la matriz original
 ???????????????????
0 7 2 0 0 0 0 0 5 
0 0 0 0 0 0 0 0 0 
0 0 0 0 1 8 0 0 0 
0 0 0 0 0 0 0 0 3 
0 0 0 0 6 0 0 0 0 
0 0 0 0 0 0 0 0 0 
0 0 0 0 0 0 0 0 0 
0 0 0 0 0 0 0 0 0 
9 0 0 4 0 0 0 0 0 




Me disculpo, falle buscnado la solucion, volvere a intentar
Este fue el tablero que quedo despues de que fallara: 
 ???????????????????
0 7 2 0 0 0 0 0 5 
0 0 0 0 0 0 0 0 0 
0 0 0 0 1 8 0 0 0 
0 0 0 0 0 0 0 0 3 
0 0 0 0 6 0 0 0 0 
0 0 0 0 0 0 0 0 0 
0 0 0 0 2 6 0 0 0 
0 0 0 0 0 0 0 0 0 
9 0 0 4 0 0 0 0 0 
************************************************************************************

Esta es la matriz original
 ???????????????????
0 7 2 0 0 0 0 0 5 
0 0 0 0 0 0 0 0 0 
0 0 0 0 1 8 0 0 0 
0 0 0 0 0 0 0 0 3 
0 0 0 0 6 0 0 0 0 
0 0 0 0 0 0 0 0 0 
0 0 0 0 0 0 0 0 0 
0 0 0 0 0 0 0 0 0 
9 0 0 4 0 0 0 0 0 



 ???????????????????
0 7 2 0 0 0 0 0 5 
0 0 0 0 0 0 1 0 0 
0 0 0 0 1 8 7 0 0 
0 0 0 0 0 0 0 0 3 
0 0 0 0 6 0 0 0 0 
0 0 0 0 0 0 0 0 0 
0 0 0 0 0 0 0 0 0 
0 0 0 0 0 0 0 0 0 
9 0 0 4 0 0 0 0 0 
*******************************************************************************************
La ficha que obtube fue: [1,7] En un angulo de:  0
*******************************************************************************************



Me disculpo, falle buscnado la solucion, volvere a intentar
Este fue el tablero que quedo despues de que fallara: 
 ???????????????????
0 7 2 0 0 0 0 0 5 
0 0 0 0 0 0 1 0 0 
0 0 0 0 1 8 7 0 0 
0 0 0 0 0 0 0 0 3 
0 0 0 0 6 0 0 0 0 
0 0 0 0 0 0 0 0 0 
0 0 0 0 0 2 4 0 0 
0 0 0 0 0 0 0 0 0 
9 0 0 4 0 0 0 0 0 
************************************************************************************

Esta es la matriz original
 ???????????????????
0 7 2 0 0 0 0 0 5 
0 0 0 0 0 0 0 0 0 
0 0 0 0 1 8 0 0 0 
0 0 0 0 0 0 0 0 3 
0 0 0 0 6 0 0 0 0 
0 0 0 0 0 0 0 0 0 
0 0 0 0 0 0 0 0 0 
0 0 0 0 0 0 0 0 0 
9 0 0 4 0 0 0 0 0 



 ???????????????????
0 7 2 0 0 0 0 0 5 
0 0 0 0 0 0 0 0 0 
0 0 0 0 1 8 0 0 0 
0 0 0 0 0 0 0 0 3 
0 0 0 0 6 0 0 0 0 
0 0 0 0 0 0 0 0 0 
0 0 0 0 0 0 0 0 0 
0 0 1 0 0 0 0 0 0 
9 0 7 4 0 0 0 0 0 
*******************************************************************************************
La ficha que obtube fue: [1,7] En un angulo de:  0
*******************************************************************************************


 ???????????????????
0 7 2 0 0 0 0 0 5 
0 0 0 0 0 0 0 0 0 
0 0 0 0 1 8 0 0 0 
0 0 0 0 0 0 0 0 3 
0 0 0 0 6 0 0 0 1 
0 0 0 0 0 0 0 0 2 
0 0 0 0 0 0 0 0 0 
0 0 1 0 0 0 0 0 0 
9 0 7 4 0 0 0 0 0 
*******************************************************************************************
La ficha que obtube fue: [1,2] En un angulo de:  0
*******************************************************************************************


 ???????????????????
4 7 2 0 0 0 0 0 5 
5 0 0 0 0 0 0 0 0 
0 0 0 0 1 8 0 0 0 
0 0 0 0 0 0 0 0 3 
0 0 0 0 6 0 0 0 1 
0 0 0 0 0 0 0 0 2 
0 0 0 0 0 0 0 0 0 
0 0 1 0 0 0 0 0 0 
9 0 7 4 0 0 0 0 0 
*******************************************************************************************
La ficha que obtube fue: [4,5] En un angulo de:  0
*******************************************************************************************


 ???????????????????
4 7 2 0 0 0 0 0 5 
5 0 0 0 0 0 0 0 0 
0 0 0 0 1 8 0 0 0 
0 0 0 0 0 0 0 0 3 
0 0 0 0 6 0 0 0 1 
0 0 0 0 0 0 4 0 2 
0 0 0 0 0 0 6 0 0 
0 0 1 0 0 0 0 0 0 
9 0 7 4 0 0 0 0 0 
*******************************************************************************************
La ficha que obtube fue: [4,6] En un angulo de:  0
*******************************************************************************************


 ???????????????????
4 7 2 0 0 0 0 0 5 
5 0 0 0 0 0 0 0 0 
0 0 0 0 1 8 0 0 0 
0 0 0 0 0 0 0 0 3 
0 0 0 0 6 0 0 0 1 
0 0 0 0 0 0 4 0 2 
0 2 0 0 0 0 6 0 0 
0 8 1 0 0 0 0 0 0 
9 0 7 4 0 0 0 0 0 
*******************************************************************************************
La ficha que obtube fue: [2,8] En un angulo de:  0
*******************************************************************************************


 ???????????????????
4 7 2 0 0 0 0 0 5 
5 0 0 0 0 0 0 0 0 
0 0 3 0 1 8 0 0 0 
0 0 4 0 0 0 0 0 3 
0 0 0 0 6 0 0 0 1 
0 0 0 0 0 0 4 0 2 
0 2 0 0 0 0 6 0 0 
0 8 1 0 0 0 0 0 0 
9 0 7 4 0 0 0 0 0 
*******************************************************************************************
La ficha que obtube fue: [3,4] En un angulo de:  0
*******************************************************************************************



Me disculpo, falle buscnado la solucion, volvere a intentar
Este fue el tablero que quedo despues de que fallara: 
 ???????????????????
4 7 2 0 0 0 0 0 5 
5 0 6 2 0 0 0 0 0 
0 0 3 0 1 8 0 0 0 
0 0 4 0 0 0 0 0 3 
0 0 0 0 6 0 0 0 1 
0 0 0 0 0 0 4 0 2 
0 2 0 0 0 0 6 0 0 
0 8 1 0 0 0 0 0 0 
9 0 7 4 0 0 0 0 0 
************************************************************************************

Esta es la matriz original
 ???????????????????
0 7 2 0 0 0 0 0 5 
0 0 0 0 0 0 0 0 0 
0 0 0 0 1 8 0 0 0 
0 0 0 0 0 0 0 0 3 
0 0 0 0 6 0 0 0 0 
0 0 0 0 0 0 0 0 0 
0 0 0 0 0 0 0 0 0 
0 0 0 0 0 0 0 0 0 
9 0 0 4 0 0 0 0 0 



 ???????????????????
0 7 2 0 0 0 0 0 5 
0 0 0 0 0 0 0 2 0 
0 0 0 0 1 8 0 7 0 
0 0 0 0 0 0 0 0 3 
0 0 0 0 6 0 0 0 0 
0 0 0 0 0 0 0 0 0 
0 0 0 0 0 0 0 0 0 
0 0 0 0 0 0 0 0 0 
9 0 0 4 0 0 0 0 0 
*******************************************************************************************
La ficha que obtube fue: [2,7] En un angulo de:  0
*******************************************************************************************


No puede poner el dato 3 en [1][7]
 ???????????????????
0 7 2 0 0 0 0 1 5 
0 0 0 0 0 0 0 2 0 
0 0 0 0 1 8 0 7 0 
0 0 0 0 0 0 0 0 3 
0 0 0 0 6 0 0 0 0 
0 0 0 0 0 0 0 0 0 
0 0 0 0 0 0 0 0 0 
0 0 0 0 0 0 0 0 0 
9 0 0 4 0 0 0 0 0 
*******************************************************************************************
La ficha que obtube fue: [1,3] En un angulo de:  0
*******************************************************************************************


 ???????????????????
0 7 2 0 0 0 0 1 5 
0 0 0 0 0 0 0 2 0 
0 0 0 0 1 8 0 7 0 
0 0 0 0 0 0 0 0 3 
0 0 0 0 6 0 0 0 0 
0 0 0 0 0 0 0 0 0 
0 0 0 0 0 0 0 0 0 
0 0 0 0 0 0 1 0 0 
9 0 0 4 0 0 2 0 0 
*******************************************************************************************
La ficha que obtube fue: [1,2] En un angulo de:  0
*******************************************************************************************


No puede poner el dato 2 en [3][8]

Me disculpo, falle buscnado la solucion, volvere a intentar
Este fue el tablero que quedo despues de que fallara: 
 ???????????????????
0 7 2 0 0 0 0 1 5 
0 0 0 0 0 0 0 2 0 
0 0 0 0 1 8 0 7 0 
0 0 0 0 0 0 0 8 3 
0 0 0 0 6 0 0 0 0 
0 0 0 0 0 0 0 0 0 
0 0 0 0 0 0 0 0 0 
0 0 0 0 0 0 1 0 0 
9 0 0 4 0 0 2 0 0 
************************************************************************************

Esta es la matriz original
 ???????????????????
0 7 2 0 0 0 0 0 5 
0 0 0 0 0 0 0 0 0 
0 0 0 0 1 8 0 0 0 
0 0 0 0 0 0 0 0 3 
0 0 0 0 6 0 0 0 0 
0 0 0 0 0 0 0 0 0 
0 0 0 0 0 0 0 0 0 
0 0 0 0 0 0 0 0 0 
9 0 0 4 0 0 0 0 0 




Me disculpo, falle buscnado la solucion, volvere a intentar
Este fue el tablero que quedo despues de que fallara: 
 ???????????????????
0 7 2 0 0 0 0 0 5 
0 0 0 0 0 0 0 0 0 
0 0 0 0 1 8 0 0 0 
0 0 0 0 0 0 0 0 3 
0 0 0 0 6 0 0 0 0 
0 0 0 0 0 0 0 0 0 
0 0 0 0 0 0 0 0 0 
0 0 0 0 0 0 0 0 0 
9 0 0 4 0 0 0 0 0 
************************************************************************************

Esta es la matriz original
 ???????????????????
0 7 2 0 0 0 0 0 5 
0 0 0 0 0 0 0 0 0 
0 0 0 0 1 8 0 0 0 
0 0 0 0 0 0 0 0 3 
0 0 0 0 6 0 0 0 0 
0 0 0 0 0 0 0 0 0 
0 0 0 0 0 0 0 0 0 
0 0 0 0 0 0 0 0 0 
9 0 0 4 0 0 0 0 0 



 ???????????????????
3 7 2 0 0 0 0 0 5 
4 0 0 0 0 0 0 0 0 
0 0 0 0 1 8 0 0 0 
0 0 0 0 0 0 0 0 3 
0 0 0 0 6 0 0 0 0 
0 0 0 0 0 0 0 0 0 
0 0 0 0 0 0 0 0 0 
0 0 0 0 0 0 0 0 0 
9 0 0 4 0 0 0 0 0 
*******************************************************************************************
La ficha que obtube fue: [3,4] En un angulo de:  0
*******************************************************************************************



Me disculpo, falle buscnado la solucion, volvere a intentar
Este fue el tablero que quedo despues de que fallara: 
 ???????????????????
3 7 2 0 0 9 1 0 5 
4 0 0 0 0 0 0 0 0 
0 0 0 0 1 8 0 0 0 
0 0 0 0 0 0 0 0 3 
0 0 0 0 6 0 0 0 0 
0 0 0 0 0 0 0 0 0 
0 0 0 0 0 0 0 0 0 
0 0 0 0 0 0 0 0 0 
9 0 0 4 0 0 0 0 0 
************************************************************************************

Esta es la matriz original
 ???????????????????
0 7 2 0 0 0 0 0 5 
0 0 0 0 0 0 0 0 0 
0 0 0 0 1 8 0 0 0 
0 0 0 0 0 0 0 0 3 
0 0 0 0 6 0 0 0 0 
0 0 0 0 0 0 0 0 0 
0 0 0 0 0 0 0 0 0 
0 0 0 0 0 0 0 0 0 
9 0 0 4 0 0 0 0 0 




Me disculpo, falle buscnado la solucion, volvere a intentar
Este fue el tablero que quedo despues de que fallara: 
 ???????????????????
0 7 2 0 0 0 0 0 5 
0 0 0 0 0 0 0 0 0 
0 0 0 0 1 8 0 0 0 
2 9 0 0 0 0 0 0 3 
0 0 0 0 6 0 0 0 0 
0 0 0 0 0 0 0 0 0 
0 0 0 0 0 0 0 0 0 
0 0 0 0 0 0 0 0 0 
9 0 0 4 0 0 0 0 0 
************************************************************************************

Esta es la matriz original
 ???????????????????
0 7 2 0 0 0 0 0 5 
0 0 0 0 0 0 0 0 0 
0 0 0 0 1 8 0 0 0 
0 0 0 0 0 0 0 0 3 
0 0 0 0 6 0 0 0 0 
0 0 0 0 0 0 0 0 0 
0 0 0 0 0 0 0 0 0 
0 0 0 0 0 0 0 0 0 
9 0 0 4 0 0 0 0 0 



 ???????????????????
0 7 2 0 0 0 0 0 5 
0 0 0 0 0 0 3 0 0 
0 0 0 0 1 8 9 0 0 
0 0 0 0 0 0 0 0 3 
0 0 0 0 6 0 0 0 0 
0 0 0 0 0 0 0 0 0 
0 0 0 0 0 0 0 0 0 
0 0 0 0 0 0 0 0 0 
9 0 0 4 0 0 0 0 0 
*******************************************************************************************
La ficha que obtube fue: [3,9] En un angulo de:  0
*******************************************************************************************


 ???????????????????
0 7 2 0 0 0 0 0 5 
0 0 0 0 0 0 3 0 0 
0 0 0 0 1 8 9 0 0 
0 0 0 0 0 0 0 0 3 
0 0 0 0 6 0 0 0 0 
0 0 0 0 0 0 0 0 0 
6 0 0 0 0 0 0 0 0 
7 0 0 0 0 0 0 0 0 
9 0 0 4 0 0 0 0 0 
*******************************************************************************************
La ficha que obtube fue: [6,7] En un angulo de:  0
*******************************************************************************************


 ???????????????????
0 7 2 0 0 0 0 0 5 
0 0 0 0 0 0 3 0 0 
0 0 0 0 1 8 9 0 0 
0 0 0 0 0 0 0 0 3 
0 0 0 0 6 0 0 0 0 
0 0 0 0 0 0 0 0 0 
6 0 0 0 0 0 0 3 0 
7 0 0 0 0 0 0 6 0 
9 0 0 4 0 0 0 0 0 
*******************************************************************************************
La ficha que obtube fue: [3,6] En un angulo de:  0
*******************************************************************************************


 ???????????????????
0 7 2 0 0 0 0 0 5 
0 0 0 0 0 0 3 0 0 
0 0 0 0 1 8 9 0 0 
0 0 0 0 0 0 0 1 3 
0 0 0 0 6 0 0 2 0 
0 0 0 0 0 0 0 0 0 
6 0 0 0 0 0 0 3 0 
7 0 0 0 0 0 0 6 0 
9 0 0 4 0 0 0 0 0 
*******************************************************************************************
La ficha que obtube fue: [1,2] En un angulo de:  0
*******************************************************************************************


 ???????????????????
0 7 2 0 0 0 0 0 5 
0 0 0 0 0 0 3 0 0 
0 4 0 0 1 8 9 0 0 
0 6 0 0 0 0 0 1 3 
0 0 0 0 6 0 0 2 0 
0 0 0 0 0 0 0 0 0 
6 0 0 0 0 0 0 3 0 
7 0 0 0 0 0 0 6 0 
9 0 0 4 0 0 0 0 0 
*******************************************************************************************
La ficha que obtube fue: [4,6] En un angulo de:  0
*******************************************************************************************


 ???????????????????
0 7 2 0 0 0 0 0 5 
0 0 0 0 0 0 3 0 0 
0 4 0 0 1 8 9 0 0 
0 6 0 0 0 0 0 1 3 
0 1 0 0 6 0 0 2 0 
0 5 0 0 0 0 0 0 0 
6 0 0 0 0 0 0 3 0 
7 0 0 0 0 0 0 6 0 
9 0 0 4 0 0 0 0 0 
*******************************************************************************************
La ficha que obtube fue: [1,5] En un angulo de:  0
*******************************************************************************************


 ???????????????????
0 7 2 0 0 0 0 0 5 
0 0 0 0 0 0 3 0 0 
0 4 0 0 1 8 9 0 0 
0 6 0 2 0 0 0 1 3 
0 1 0 3 6 0 0 2 0 
0 5 0 0 0 0 0 0 0 
6 0 0 0 0 0 0 3 0 
7 0 0 0 0 0 0 6 0 
9 0 0 4 0 0 0 0 0 
*******************************************************************************************
La ficha que obtube fue: [2,3] En un angulo de:  0
*******************************************************************************************


No puede poner el dato 5 en [6][0]
 ???????????????????
0 7 2 0 0 0 0 0 5 
0 0 0 0 0 0 3 0 0 
0 4 0 0 1 8 9 0 0 
0 6 0 2 0 0 0 1 3 
0 1 0 3 6 0 0 2 0 
4 5 0 0 0 0 0 0 0 
6 0 0 0 0 0 0 3 0 
7 0 0 0 0 0 0 6 0 
9 0 0 4 0 0 0 0 0 
*******************************************************************************************
La ficha que obtube fue: [4,5] En un angulo de:  0
*******************************************************************************************



Me disculpo, falle buscnado la solucion, volvere a intentar
Este fue el tablero que quedo despues de que fallara: 
 ???????????????????
0 7 2 0 0 0 0 0 5 
5 8 0 0 0 0 3 0 0 
0 4 0 0 1 8 9 0 0 
0 6 0 2 0 0 0 1 3 
0 1 0 3 6 0 0 2 0 
4 5 0 0 0 0 0 0 0 
6 0 0 0 0 0 0 3 0 
7 0 0 0 0 0 0 6 0 
9 0 0 4 0 0 0 0 0 
************************************************************************************

Esta es la matriz original
 ???????????????????
0 7 2 0 0 0 0 0 5 
0 0 0 0 0 0 0 0 0 
0 0 0 0 1 8 0 0 0 
0 0 0 0 0 0 0 0 3 
0 0 0 0 6 0 0 0 0 
0 0 0 0 0 0 0 0 0 
0 0 0 0 0 0 0 0 0 
0 0 0 0 0 0 0 0 0 
9 0 0 4 0 0 0 0 0 



 ???????????????????
0 7 2 0 0 0 0 0 5 
0 0 0 0 0 0 0 0 0 
0 0 0 0 1 8 0 0 0 
0 0 0 0 0 0 0 0 3 
0 0 0 0 6 0 1 0 0 
0 0 0 0 0 0 9 0 0 
0 0 0 0 0 0 0 0 0 
0 0 0 0 0 0 0 0 0 
9 0 0 4 0 0 0 0 0 
*******************************************************************************************
La ficha que obtube fue: [1,9] En un angulo de:  0
*******************************************************************************************


 ???????????????????
0 7 2 0 0 0 0 0 5 
0 0 0 0 0 0 0 0 0 
0 0 0 0 1 8 0 0 0 
0 0 0 0 0 0 0 0 3 
0 0 0 0 6 0 1 0 0 
0 0 0 0 0 0 9 0 0 
0 0 1 0 0 0 0 0 0 
0 0 4 0 0 0 0 0 0 
9 0 0 4 0 0 0 0 0 
*******************************************************************************************
La ficha que obtube fue: [1,4] En un angulo de:  0
*******************************************************************************************


 ???????????????????
0 7 2 0 0 0 0 0 5 
0 0 0 0 0 0 0 0 0 
0 0 0 0 1 8 0 0 0 
0 0 0 0 0 0 0 0 3 
0 0 0 0 6 0 1 5 0 
0 0 0 0 0 0 9 8 0 
0 0 1 0 0 0 0 0 0 
0 0 4 0 0 0 0 0 0 
9 0 0 4 0 0 0 0 0 
*******************************************************************************************
La ficha que obtube fue: [5,8] En un angulo de:  0
*******************************************************************************************


 ???????????????????
0 7 2 0 0 0 0 0 5 
0 0 0 0 0 0 0 0 0 
0 0 0 0 1 8 0 0 0 
0 0 0 0 0 0 0 0 3 
0 0 0 0 6 0 1 5 0 
0 0 0 0 0 0 9 8 0 
0 2 1 0 0 0 0 0 0 
0 6 4 0 0 0 0 0 0 
9 0 0 4 0 0 0 0 0 
*******************************************************************************************
La ficha que obtube fue: [2,6] En un angulo de:  0
*******************************************************************************************


No puede poner el dato 4 en [2][4]

Me disculpo, falle buscnado la solucion, volvere a intentar
Este fue el tablero que quedo despues de que fallara: 
 ???????????????????
0 7 2 0 0 0 0 0 5 
0 0 0 0 0 0 0 0 0 
0 0 0 6 1 8 0 0 0 
0 0 0 0 0 0 0 0 3 
0 0 0 0 6 0 1 5 0 
0 0 0 0 0 0 9 8 0 
0 2 1 0 0 0 0 0 0 
0 6 4 0 0 0 0 0 0 
9 0 0 4 0 0 0 0 0 
************************************************************************************

Esta es la matriz original
 ???????????????????
0 7 2 0 0 0 0 0 5 
0 0 0 0 0 0 0 0 0 
0 0 0 0 1 8 0 0 0 
0 0 0 0 0 0 0 0 3 
0 0 0 0 6 0 0 0 0 
0 0 0 0 0 0 0 0 0 
0 0 0 0 0 0 0 0 0 
0 0 0 0 0 0 0 0 0 
9 0 0 4 0 0 0 0 0 



 ???????????????????
0 7 2 0 0 0 0 3 5 
0 0 0 0 0 0 0 6 0 
0 0 0 0 1 8 0 0 0 
0 0 0 0 0 0 0 0 3 
0 0 0 0 6 0 0 0 0 
0 0 0 0 0 0 0 0 0 
0 0 0 0 0 0 0 0 0 
0 0 0 0 0 0 0 0 0 
9 0 0 4 0 0 0 0 0 
*******************************************************************************************
La ficha que obtube fue: [3,6] En un angulo de:  0
*******************************************************************************************



Me disculpo, falle buscnado la solucion, volvere a intentar
Este fue el tablero que quedo despues de que fallara: 
 ???????????????????
0 7 2 0 0 0 0 3 5 
0 0 0 0 0 0 0 6 0 
5 9 0 0 1 8 0 0 0 
0 0 0 0 0 0 0 0 3 
0 0 0 0 6 0 0 0 0 
0 0 0 0 0 0 0 0 0 
0 0 0 0 0 0 0 0 0 
0 0 0 0 0 0 0 0 0 
9 0 0 4 0 0 0 0 0 
************************************************************************************

Esta es la matriz original
 ???????????????????
0 7 2 0 0 0 0 0 5 
0 0 0 0 0 0 0 0 0 
0 0 0 0 1 8 0 0 0 
0 0 0 0 0 0 0 0 3 
0 0 0 0 6 0 0 0 0 
0 0 0 0 0 0 0 0 0 
0 0 0 0 0 0 0 0 0 
0 0 0 0 0 0 0 0 0 
9 0 0 4 0 0 0 0 0 




Me disculpo, falle buscnado la solucion, volvere a intentar
Este fue el tablero que quedo despues de que fallara: 
 ???????????????????
0 7 2 0 0 0 0 0 5 
0 8 3 0 0 0 0 0 0 
0 0 0 0 1 8 0 0 0 
0 0 0 0 0 0 0 0 3 
0 0 0 0 6 0 0 0 0 
0 0 0 0 0 0 0 0 0 
0 0 0 0 0 0 0 0 0 
0 0 0 0 0 0 0 0 0 
9 0 0 4 0 0 0 0 0 
************************************************************************************

Esta es la matriz original
 ???????????????????
0 7 2 0 0 0 0 0 5 
0 0 0 0 0 0 0 0 0 
0 0 0 0 1 8 0 0 0 
0 0 0 0 0 0 0 0 3 
0 0 0 0 6 0 0 0 0 
0 0 0 0 0 0 0 0 0 
0 0 0 0 0 0 0 0 0 
0 0 0 0 0 0 0 0 0 
9 0 0 4 0 0 0 0 0 



 ???????????????????
0 7 2 0 0 0 0 0 5 
0 0 3 0 0 0 0 0 0 
0 0 9 0 1 8 0 0 0 
0 0 0 0 0 0 0 0 3 
0 0 0 0 6 0 0 0 0 
0 0 0 0 0 0 0 0 0 
0 0 0 0 0 0 0 0 0 
0 0 0 0 0 0 0 0 0 
9 0 0 4 0 0 0 0 0 
*******************************************************************************************
La ficha que obtube fue: [3,9] En un angulo de:  0
*******************************************************************************************


 ???????????????????
0 7 2 0 0 0 0 0 5 
0 0 3 0 0 0 0 0 0 
0 0 9 0 1 8 0 0 0 
0 0 0 0 0 0 0 0 3 
0 0 0 0 6 0 0 0 0 
0 0 0 0 0 0 0 0 0 
0 0 0 0 0 0 2 0 0 
0 0 0 0 0 0 7 0 0 
9 0 0 4 0 0 0 0 0 
*******************************************************************************************
La ficha que obtube fue: [2,7] En un angulo de:  0
*******************************************************************************************


 ???????????????????
0 7 2 0 0 0 0 0 5 
0 0 3 0 0 0 0 0 0 
0 0 9 0 1 8 0 0 0 
0 8 0 0 0 0 0 0 3 
0 9 0 0 6 0 0 0 0 
0 0 0 0 0 0 0 0 0 
0 0 0 0 0 0 2 0 0 
0 0 0 0 0 0 7 0 0 
9 0 0 4 0 0 0 0 0 
*******************************************************************************************
La ficha que obtube fue: [8,9] En un angulo de:  0
*******************************************************************************************


 ???????????????????
0 7 2 0 0 0 0 0 5 
0 0 3 0 0 0 0 0 0 
0 0 9 0 1 8 0 0 0 
0 8 0 0 0 0 0 1 3 
0 9 0 0 6 0 0 8 0 
0 0 0 0 0 0 0 0 0 
0 0 0 0 0 0 2 0 0 
0 0 0 0 0 0 7 0 0 
9 0 0 4 0 0 0 0 0 
*******************************************************************************************
La ficha que obtube fue: [1,8] En un angulo de:  0
*******************************************************************************************


 ???????????????????
0 7 2 0 4 0 0 0 5 
0 0 3 0 7 0 0 0 0 
0 0 9 0 1 8 0 0 0 
0 8 0 0 0 0 0 1 3 
0 9 0 0 6 0 0 8 0 
0 0 0 0 0 0 0 0 0 
0 0 0 0 0 0 2 0 0 
0 0 0 0 0 0 7 0 0 
9 0 0 4 0 0 0 0 0 
*******************************************************************************************
La ficha que obtube fue: [4,7] En un angulo de:  0
*******************************************************************************************


 ???????????????????
0 7 2 0 4 0 0 0 5 
0 0 3 0 7 0 0 0 0 
0 0 9 0 1 8 0 0 0 
0 8 0 0 0 0 0 1 3 
0 9 0 0 6 0 0 8 0 
0 2 0 0 0 0 0 0 0 
0 3 0 0 0 0 2 0 0 
0 0 0 0 0 0 7 0 0 
9 0 0 4 0 0 0 0 0 
*******************************************************************************************
La ficha que obtube fue: [2,3] En un angulo de:  0
*******************************************************************************************


 ???????????????????
0 7 2 0 4 0 0 0 5 
0 0 3 0 7 0 0 0 0 
0 0 9 0 1 8 0 0 0 
0 8 0 0 0 0 4 1 3 
0 9 0 0 6 0 5 8 0 
0 2 0 0 0 0 0 0 0 
0 3 0 0 0 0 2 0 0 
0 0 0 0 0 0 7 0 0 
9 0 0 4 0 0 0 0 0 
*******************************************************************************************
La ficha que obtube fue: [4,5] En un angulo de:  0
*******************************************************************************************



Me disculpo, falle buscnado la solucion, volvere a intentar
Este fue el tablero que quedo despues de que fallara: 
 ???????????????????
0 7 2 0 4 0 0 0 5 
0 0 3 0 7 0 0 0 0 
0 0 9 0 1 8 0 0 0 
0 8 6 9 0 0 4 1 3 
0 9 0 0 6 0 5 8 0 
0 2 0 0 0 0 0 0 0 
0 3 0 0 0 0 2 0 0 
0 0 0 0 0 0 7 0 0 
9 0 0 4 0 0 0 0 0 
************************************************************************************

Esta es la matriz original
 ???????????????????
0 7 2 0 0 0 0 0 5 
0 0 0 0 0 0 0 0 0 
0 0 0 0 1 8 0 0 0 
0 0 0 0 0 0 0 0 3 
0 0 0 0 6 0 0 0 0 
0 0 0 0 0 0 0 0 0 
0 0 0 0 0 0 0 0 0 
0 0 0 0 0 0 0 0 0 
9 0 0 4 0 0 0 0 0 




Me disculpo, falle buscnado la solucion, volvere a intentar
Este fue el tablero que quedo despues de que fallara: 
 ???????????????????
0 7 2 0 0 0 0 0 5 
0 0 0 0 0 0 0 0 0 
0 0 0 0 1 8 0 0 0 
0 0 0 0 0 0 0 0 3 
0 0 0 0 6 0 0 0 0 
0 0 6 9 0 0 0 0 0 
0 0 0 0 0 0 0 0 0 
0 0 0 0 0 0 0 0 0 
9 0 0 4 0 0 0 0 0 
************************************************************************************

Esta es la matriz original
 ???????????????????
0 7 2 0 0 0 0 0 5 
0 0 0 0 0 0 0 0 0 
0 0 0 0 1 8 0 0 0 
0 0 0 0 0 0 0 0 3 
0 0 0 0 6 0 0 0 0 
0 0 0 0 0 0 0 0 0 
0 0 0 0 0 0 0 0 0 
0 0 0 0 0 0 0 0 0 
9 0 0 4 0 0 0 0 0 



 ???????????????????
0 7 2 6 0 0 0 0 5 
0 0 0 7 0 0 0 0 0 
0 0 0 0 1 8 0 0 0 
0 0 0 0 0 0 0 0 3 
0 0 0 0 6 0 0 0 0 
0 0 0 0 0 0 0 0 0 
0 0 0 0 0 0 0 0 0 
0 0 0 0 0 0 0 0 0 
9 0 0 4 0 0 0 0 0 
*******************************************************************************************
La ficha que obtube fue: [6,7] En un angulo de:  0
*******************************************************************************************


 ???????????????????
0 7 2 6 0 0 0 0 5 
0 0 0 7 0 0 0 0 0 
0 0 0 0 1 8 0 0 0 
0 0 0 0 0 0 0 0 3 
0 0 0 0 6 0 0 0 0 
0 3 0 0 0 0 0 0 0 
0 4 0 0 0 0 0 0 0 
0 0 0 0 0 0 0 0 0 
9 0 0 4 0 0 0 0 0 
*******************************************************************************************
La ficha que obtube fue: [3,4] En un angulo de:  0
*******************************************************************************************


No puede poner el dato 9 en [2][4]
 ???????????????????
0 7 2 6 0 0 0 0 5 
0 0 0 7 3 0 0 0 0 
0 0 0 0 1 8 0 0 0 
0 0 0 0 0 0 0 0 3 
0 0 0 0 6 0 0 0 0 
0 3 0 0 0 0 0 0 0 
0 4 0 0 0 0 0 0 0 
0 0 0 0 0 0 0 0 0 
9 0 0 4 0 0 0 0 0 
*******************************************************************************************
La ficha que obtube fue: [3,9] En un angulo de:  0
*******************************************************************************************


 ???????????????????
0 7 2 6 0 4 0 0 5 
0 0 0 7 3 5 0 0 0 
0 0 0 0 1 8 0 0 0 
0 0 0 0 0 0 0 0 3 
0 0 0 0 6 0 0 0 0 
0 3 0 0 0 0 0 0 0 
0 4 0 0 0 0 0 0 0 
0 0 0 0 0 0 0 0 0 
9 0 0 4 0 0 0 0 0 
*******************************************************************************************
La ficha que obtube fue: [4,5] En un angulo de:  0
*******************************************************************************************


No puede poner el dato 4 en [4][4]
 ???????????????????
0 7 2 6 0 4 0 0 5 
0 0 0 7 3 5 0 0 0 
0 0 0 0 1 8 0 0 0 
0 0 0 0 0 0 0 0 3 
0 0 0 2 6 0 0 0 0 
0 3 0 0 0 0 0 0 0 
0 4 0 0 0 0 0 0 0 
0 0 0 0 0 0 0 0 0 
9 0 0 4 0 0 0 0 0 
*******************************************************************************************
La ficha que obtube fue: [2,4] En un angulo de:  270
*******************************************************************************************


 ???????????????????
0 7 2 6 0 4 0 0 5 
0 0 0 7 3 5 0 0 0 
0 0 0 0 1 8 0 0 0 
0 0 0 0 0 0 0 0 3 
0 0 0 2 6 0 0 0 0 
0 3 0 0 0 0 0 0 0 
0 4 0 0 0 0 0 0 0 
0 0 0 0 0 0 0 0 0 
9 6 7 4 0 0 0 0 0 
*******************************************************************************************
La ficha que obtube fue: [6,7] En un angulo de:  270
*******************************************************************************************



Me disculpo, falle buscnado la solucion, volvere a intentar
Este fue el tablero que quedo despues de que fallara: 
 ???????????????????
0 7 2 6 0 4 0 0 5 
0 0 0 7 3 5 0 0 0 
0 0 0 0 1 8 0 0 0 
0 0 0 0 0 0 0 0 3 
0 0 0 2 6 0 0 0 0 
0 3 0 0 0 0 0 0 0 
0 4 0 3 7 0 0 0 0 
0 0 0 0 0 0 0 0 0 
9 6 7 4 0 0 0 0 0 
************************************************************************************

Esta es la matriz original
 ???????????????????
0 7 2 0 0 0 0 0 5 
0 0 0 0 0 0 0 0 0 
0 0 0 0 1 8 0 0 0 
0 0 0 0 0 0 0 0 3 
0 0 0 0 6 0 0 0 0 
0 0 0 0 0 0 0 0 0 
0 0 0 0 0 0 0 0 0 
0 0 0 0 0 0 0 0 0 
9 0 0 4 0 0 0 0 0 



 ???????????????????
0 7 2 0 0 0 0 0 5 
0 0 0 0 0 0 0 0 0 
0 0 0 0 1 8 0 0 0 
0 0 0 0 0 0 0 0 3 
0 0 0 0 6 0 0 0 0 
0 0 0 0 0 0 0 0 0 
0 0 0 0 0 0 0 0 0 
0 4 0 0 0 0 0 0 0 
9 5 0 4 0 0 0 0 0 
*******************************************************************************************
La ficha que obtube fue: [4,5] En un angulo de:  0
*******************************************************************************************



Me disculpo, falle buscnado la solucion, volvere a intentar
Este fue el tablero que quedo despues de que fallara: 
 ???????????????????
0 7 2 0 0 0 0 0 5 
0 0 0 0 0 0 0 0 0 
0 0 0 0 1 8 0 0 0 
0 0 0 0 0 0 0 0 3 
0 0 0 0 6 0 0 0 0 
0 0 0 7 4 0 0 0 0 
0 0 0 0 0 0 0 0 0 
0 4 0 0 0 0 0 0 0 
9 5 0 4 0 0 0 0 0 
************************************************************************************

Esta es la matriz original
 ???????????????????
0 7 2 0 0 0 0 0 5 
0 0 0 0 0 0 0 0 0 
0 0 0 0 1 8 0 0 0 
0 0 0 0 0 0 0 0 3 
0 0 0 0 6 0 0 0 0 
0 0 0 0 0 0 0 0 0 
0 0 0 0 0 0 0 0 0 
0 0 0 0 0 0 0 0 0 
9 0 0 4 0 0 0 0 0 




Me disculpo, falle buscnado la solucion, volvere a intentar
Este fue el tablero que quedo despues de que fallara: 
 ???????????????????
0 7 2 0 0 0 0 0 5 
0 0 0 0 0 0 0 0 0 
0 0 0 0 1 8 0 0 0 
0 0 0 0 0 0 0 0 3 
0 0 0 0 6 0 0 0 0 
0 0 0 0 9 1 0 0 0 
0 0 0 0 0 0 0 0 0 
0 0 0 0 0 0 0 0 0 
9 0 0 4 0 0 0 0 0 
************************************************************************************

Esta es la matriz original
 ???????????????????
0 7 2 0 0 0 0 0 5 
0 0 0 0 0 0 0 0 0 
0 0 0 0 1 8 0 0 0 
0 0 0 0 0 0 0 0 3 
0 0 0 0 6 0 0 0 0 
0 0 0 0 0 0 0 0 0 
0 0 0 0 0 0 0 0 0 
0 0 0 0 0 0 0 0 0 
9 0 0 4 0 0 0 0 0 



 ???????????????????
0 7 2 0 0 6 0 0 5 
0 0 0 0 0 7 0 0 0 
0 0 0 0 1 8 0 0 0 
0 0 0 0 0 0 0 0 3 
0 0 0 0 6 0 0 0 0 
0 0 0 0 0 0 0 0 0 
0 0 0 0 0 0 0 0 0 
0 0 0 0 0 0 0 0 0 
9 0 0 4 0 0 0 0 0 
*******************************************************************************************
La ficha que obtube fue: [6,7] En un angulo de:  0
*******************************************************************************************


 ???????????????????
0 7 2 3 0 6 0 0 5 
0 0 0 9 0 7 0 0 0 
0 0 0 0 1 8 0 0 0 
0 0 0 0 0 0 0 0 3 
0 0 0 0 6 0 0 0 0 
0 0 0 0 0 0 0 0 0 
0 0 0 0 0 0 0 0 0 
0 0 0 0 0 0 0 0 0 
9 0 0 4 0 0 0 0 0 
*******************************************************************************************
La ficha que obtube fue: [3,9] En un angulo de:  0
*******************************************************************************************


 ???????????????????
0 7 2 3 0 6 0 0 5 
0 0 0 9 0 7 0 0 0 
0 0 0 0 1 8 0 0 0 
0 0 0 0 0 0 0 0 3 
0 1 3 0 6 0 0 0 0 
0 0 0 0 0 0 0 0 0 
0 0 0 0 0 0 0 0 0 
0 0 0 0 0 0 0 0 0 
9 0 0 4 0 0 0 0 0 
*******************************************************************************************
La ficha que obtube fue: [1,3] En un angulo de:  270
*******************************************************************************************


No puede poner el dato 5 en [2][4]
 ???????????????????
0 7 2 3 0 6 0 0 5 
0 0 0 9 2 7 0 0 0 
0 0 0 0 1 8 0 0 0 
0 0 0 0 0 0 0 0 3 
0 1 3 0 6 0 0 0 0 
0 0 0 0 0 0 0 0 0 
0 0 0 0 0 0 0 0 0 
0 0 0 0 0 0 0 0 0 
9 0 0 4 0 0 0 0 0 
*******************************************************************************************
La ficha que obtube fue: [2,5] En un angulo de:  0
*******************************************************************************************


 ???????????????????
0 7 2 3 0 6 0 0 5 
0 0 0 9 2 7 0 0 0 
4 5 0 0 1 8 0 0 0 
0 0 0 0 0 0 0 0 3 
0 1 3 0 6 0 0 0 0 
0 0 0 0 0 0 0 0 0 
0 0 0 0 0 0 0 0 0 
0 0 0 0 0 0 0 0 0 
9 0 0 4 0 0 0 0 0 
*******************************************************************************************
La ficha que obtube fue: [4,5] En un angulo de:  270
*******************************************************************************************



Me disculpo, falle buscnado la solucion, volvere a intentar
Este fue el tablero que quedo despues de que fallara: 
 ???????????????????
0 7 2 3 0 6 0 0 5 
0 0 0 9 2 7 0 0 0 
4 5 0 0 1 8 0 0 0 
0 0 0 0 0 0 0 0 3 
0 1 3 0 6 0 0 0 0 
0 0 0 0 0 0 0 0 0 
0 0 0 0 0 0 0 0 0 
0 0 0 0 0 0 0 0 0 
9 6 5 4 0 0 0 0 0 
************************************************************************************

Esta es la matriz original
 ???????????????????
0 7 2 0 0 0 0 0 5 
0 0 0 0 0 0 0 0 0 
0 0 0 0 1 8 0 0 0 
0 0 0 0 0 0 0 0 3 
0 0 0 0 6 0 0 0 0 
0 0 0 0 0 0 0 0 0 
0 0 0 0 0 0 0 0 0 
0 0 0 0 0 0 0 0 0 
9 0 0 4 0 0 0 0 0 



 ???????????????????
0 7 2 3 0 0 0 0 5 
0 0 0 9 0 0 0 0 0 
0 0 0 0 1 8 0 0 0 
0 0 0 0 0 0 0 0 3 
0 0 0 0 6 0 0 0 0 
0 0 0 0 0 0 0 0 0 
0 0 0 0 0 0 0 0 0 
0 0 0 0 0 0 0 0 0 
9 0 0 4 0 0 0 0 0 
*******************************************************************************************
La ficha que obtube fue: [3,9] En un angulo de:  0
*******************************************************************************************



Me disculpo, falle buscnado la solucion, volvere a intentar
Este fue el tablero que quedo despues de que fallara: 
 ???????????????????
0 7 2 3 0 0 0 0 5 
0 0 0 9 0 0 0 0 0 
0 0 0 0 1 8 0 0 0 
0 0 6 1 0 0 0 0 3 
0 0 0 0 6 0 0 0 0 
0 0 0 0 0 0 0 0 0 
0 0 0 0 0 0 0 0 0 
0 0 0 0 0 0 0 0 0 
9 0 0 4 0 0 0 0 0 
************************************************************************************

Esta es la matriz original
 ???????????????????
0 7 2 0 0 0 0 0 5 
0 0 0 0 0 0 0 0 0 
0 0 0 0 1 8 0 0 0 
0 0 0 0 0 0 0 0 3 
0 0 0 0 6 0 0 0 0 
0 0 0 0 0 0 0 0 0 
0 0 0 0 0 0 0 0 0 
0 0 0 0 0 0 0 0 0 
9 0 0 4 0 0 0 0 0 



 ???????????????????
0 7 2 0 0 0 0 0 5 
0 0 0 0 0 0 0 0 0 
0 0 0 0 1 8 0 0 0 
0 0 0 0 0 0 0 0 3 
0 0 0 0 6 0 0 0 0 
0 0 0 5 0 0 0 0 0 
0 0 0 9 0 0 0 0 0 
0 0 0 0 0 0 0 0 0 
9 0 0 4 0 0 0 0 0 
*******************************************************************************************
La ficha que obtube fue: [5,9] En un angulo de:  0
*******************************************************************************************


 ???????????????????
0 7 2 0 0 0 0 0 5 
0 0 0 0 0 0 0 0 0 
0 0 0 0 1 8 0 0 0 
0 0 0 0 0 0 0 0 3 
0 0 0 0 6 0 0 0 0 
0 0 0 5 0 0 0 0 0 
0 0 0 9 0 0 0 0 0 
0 0 0 0 0 0 0 1 0 
9 0 0 4 0 0 0 2 0 
*******************************************************************************************
La ficha que obtube fue: [1,2] En un angulo de:  0
*******************************************************************************************


 ???????????????????
0 7 2 0 0 0 0 0 5 
0 0 0 0 0 0 0 0 0 
0 0 0 0 1 8 0 0 0 
0 0 0 0 0 0 0 0 3 
0 0 0 0 6 0 0 0 0 
0 0 0 5 0 0 0 0 0 
0 0 3 9 0 0 0 0 0 
0 0 4 0 0 0 0 1 0 
9 0 0 4 0 0 0 2 0 
*******************************************************************************************
La ficha que obtube fue: [3,4] En un angulo de:  0
*******************************************************************************************


No puede poner el dato 9 en [2][4]

Me disculpo, falle buscnado la solucion, volvere a intentar
Este fue el tablero que quedo despues de que fallara: 
 ???????????????????
0 7 2 0 0 0 0 0 5 
0 0 0 0 0 0 0 0 0 
0 0 0 3 1 8 0 0 0 
0 0 0 0 0 0 0 0 3 
0 0 0 0 6 0 0 0 0 
0 0 0 5 0 0 0 0 0 
0 0 3 9 0 0 0 0 0 
0 0 4 0 0 0 0 1 0 
9 0 0 4 0 0 0 2 0 
************************************************************************************

Esta es la matriz original
 ???????????????????
0 7 2 0 0 0 0 0 5 
0 0 0 0 0 0 0 0 0 
0 0 0 0 1 8 0 0 0 
0 0 0 0 0 0 0 0 3 
0 0 0 0 6 0 0 0 0 
0 0 0 0 0 0 0 0 0 
0 0 0 0 0 0 0 0 0 
0 0 0 0 0 0 0 0 0 
9 0 0 4 0 0 0 0 0 



 ???????????????????
0 7 2 0 0 0 0 0 5 
0 0 0 0 0 0 0 0 0 
0 0 0 0 1 8 0 0 0 
0 0 0 0 0 0 0 0 3 
0 0 0 1 6 0 0 0 0 
0 0 0 9 0 0 0 0 0 
0 0 0 0 0 0 0 0 0 
0 0 0 0 0 0 0 0 0 
9 0 0 4 0 0 0 0 0 
*******************************************************************************************
La ficha que obtube fue: [1,9] En un angulo de:  0
*******************************************************************************************


 ???????????????????
0 7 2 0 0 0 0 0 5 
0 0 0 0 0 0 0 0 0 
0 0 0 0 1 8 0 0 0 
0 1 0 0 0 0 0 0 3 
0 8 0 1 6 0 0 0 0 
0 0 0 9 0 0 0 0 0 
0 0 0 0 0 0 0 0 0 
0 0 0 0 0 0 0 0 0 
9 0 0 4 0 0 0 0 0 
*******************************************************************************************
La ficha que obtube fue: [1,8] En un angulo de:  0
*******************************************************************************************


 ???????????????????
0 7 2 0 0 0 0 0 5 
0 0 0 0 0 0 0 0 0 
0 0 0 0 1 8 0 0 0 
0 1 0 0 0 0 0 0 3 
5 8 0 1 6 0 0 0 0 
7 0 0 9 0 0 0 0 0 
0 0 0 0 0 0 0 0 0 
0 0 0 0 0 0 0 0 0 
9 0 0 4 0 0 0 0 0 
*******************************************************************************************
La ficha que obtube fue: [5,7] En un angulo de:  0
*******************************************************************************************



Me disculpo, falle buscnado la solucion, volvere a intentar
Este fue el tablero que quedo despues de que fallara: 
 ???????????????????
0 7 2 0 0 0 0 0 5 
0 0 0 0 0 0 0 0 0 
0 0 0 0 1 8 0 0 0 
0 1 0 0 0 0 0 0 3 
5 8 0 1 6 0 0 0 0 
7 0 0 9 0 0 0 0 0 
0 0 0 0 0 0 0 0 0 
0 0 0 0 0 0 0 0 0 
9 0 0 4 3 1 0 0 0 
************************************************************************************

Esta es la matriz original
 ???????????????????
0 7 2 0 0 0 0 0 5 
0 0 0 0 0 0 0 0 0 
0 0 0 0 1 8 0 0 0 
0 0 0 0 0 0 0 0 3 
0 0 0 0 6 0 0 0 0 
0 0 0 0 0 0 0 0 0 
0 0 0 0 0 0 0 0 0 
0 0 0 0 0 0 0 0 0 
9 0 0 4 0 0 0 0 0 



No puede poner el dato 2 en [8][3]

Me disculpo, falle buscnado la solucion, volvere a intentar
Este fue el tablero que quedo despues de que fallara: 
 ???????????????????
0 7 2 0 0 0 0 0 5 
0 0 0 0 0 0 0 0 0 
0 0 0 0 1 8 0 0 0 
0 0 0 0 0 0 0 0 3 
0 0 0 0 6 0 0 0 0 
0 0 0 0 0 0 0 0 0 
0 0 0 0 0 0 0 0 0 
0 0 0 0 0 0 0 0 0 
9 0 7 4 0 0 0 0 0 
************************************************************************************

Esta es la matriz original
 ???????????????????
0 7 2 0 0 0 0 0 5 
0 0 0 0 0 0 0 0 0 
0 0 0 0 1 8 0 0 0 
0 0 0 0 0 0 0 0 3 
0 0 0 0 6 0 0 0 0 
0 0 0 0 0 0 0 0 0 
0 0 0 0 0 0 0 0 0 
0 0 0 0 0 0 0 0 0 
9 0 0 4 0 0 0 0 0 



No puede poner el dato 4 en [2][4]
 ???????????????????
0 7 2 0 0 0 0 0 5 
0 0 0 0 2 0 0 0 0 
0 0 0 0 1 8 0 0 0 
0 0 0 0 0 0 0 0 3 
0 0 0 0 6 0 0 0 0 
0 0 0 0 0 0 0 0 0 
0 0 0 0 0 0 0 0 0 
0 0 0 0 0 0 0 0 0 
9 0 0 4 0 0 0 0 0 
*******************************************************************************************
La ficha que obtube fue: [2,4] En un angulo de:  0
*******************************************************************************************


 ???????????????????
0 7 2 0 0 0 0 0 5 
0 0 0 0 2 0 0 0 0 
0 0 0 0 1 8 0 0 0 
0 0 0 0 0 0 0 0 3 
0 0 0 7 6 0 0 0 0 
0 0 0 8 0 0 0 0 0 
0 0 0 0 0 0 0 0 0 
0 0 0 0 0 0 0 0 0 
9 0 0 4 0 0 0 0 0 
*******************************************************************************************
La ficha que obtube fue: [7,8] En un angulo de:  0
*******************************************************************************************



Me disculpo, falle buscnado la solucion, volvere a intentar
Este fue el tablero que quedo despues de que fallara: 
 ???????????????????
0 7 2 0 0 0 0 0 5 
0 0 0 0 2 0 0 0 0 
0 0 0 0 1 8 0 0 0 
0 0 0 0 0 0 0 0 3 
0 0 0 7 6 0 0 0 0 
0 0 0 8 0 0 0 0 0 
0 0 0 0 0 0 0 0 0 
0 0 0 0 0 0 4 1 0 
9 0 0 4 0 0 0 0 0 
************************************************************************************

Esta es la matriz original
 ???????????????????
0 7 2 0 0 0 0 0 5 
0 0 0 0 0 0 0 0 0 
0 0 0 0 1 8 0 0 0 
0 0 0 0 0 0 0 0 3 
0 0 0 0 6 0 0 0 0 
0 0 0 0 0 0 0 0 0 
0 0 0 0 0 0 0 0 0 
0 0 0 0 0 0 0 0 0 
9 0 0 4 0 0 0 0 0 



 ???????????????????
0 7 2 0 0 0 0 0 5 
0 0 0 0 0 0 0 0 0 
0 0 0 0 1 8 0 0 0 
0 0 0 0 0 0 0 0 3 
0 0 0 0 6 0 0 0 0 
0 0 0 0 0 0 0 0 0 
0 0 0 0 0 0 2 0 0 
0 0 0 0 0 0 7 0 0 
9 0 0 4 0 0 0 0 0 
*******************************************************************************************
La ficha que obtube fue: [2,7] En un angulo de:  0
*******************************************************************************************


 ???????????????????
0 7 2 0 0 0 0 0 5 
0 0 0 0 0 0 0 0 0 
0 0 0 0 1 8 0 0 0 
0 0 1 0 0 0 0 0 3 
0 0 5 0 6 0 0 0 0 
0 0 0 0 0 0 0 0 0 
0 0 0 0 0 0 2 0 0 
0 0 0 0 0 0 7 0 0 
9 0 0 4 0 0 0 0 0 
*******************************************************************************************
La ficha que obtube fue: [1,5] En un angulo de:  0
*******************************************************************************************


 ???????????????????
0 7 2 0 0 0 0 0 5 
0 0 0 0 0 0 0 0 1 
0 0 0 0 1 8 0 0 2 
0 0 1 0 0 0 0 0 3 
0 0 5 0 6 0 0 0 0 
0 0 0 0 0 0 0 0 0 
0 0 0 0 0 0 2 0 0 
0 0 0 0 0 0 7 0 0 
9 0 0 4 0 0 0 0 0 
*******************************************************************************************
La ficha que obtube fue: [1,2] En un angulo de:  0
*******************************************************************************************


 ???????????????????
0 7 2 0 4 0 0 0 5 
0 0 0 0 9 0 0 0 1 
0 0 0 0 1 8 0 0 2 
0 0 1 0 0 0 0 0 3 
0 0 5 0 6 0 0 0 0 
0 0 0 0 0 0 0 0 0 
0 0 0 0 0 0 2 0 0 
0 0 0 0 0 0 7 0 0 
9 0 0 4 0 0 0 0 0 
*******************************************************************************************
La ficha que obtube fue: [4,9] En un angulo de:  0
*******************************************************************************************


 ???????????????????
0 7 2 0 4 0 0 0 5 
0 0 0 0 9 0 4 0 1 
0 0 0 0 1 8 9 0 2 
0 0 1 0 0 0 0 0 3 
0 0 5 0 6 0 0 0 0 
0 0 0 0 0 0 0 0 0 
0 0 0 0 0 0 2 0 0 
0 0 0 0 0 0 7 0 0 
9 0 0 4 0 0 0 0 0 
*******************************************************************************************
La ficha que obtube fue: [4,9] En un angulo de:  0
*******************************************************************************************



Me disculpo, falle buscnado la solucion, volvere a intentar
Este fue el tablero que quedo despues de que fallara: 
 ???????????????????
0 7 2 0 4 0 0 0 5 
0 0 0 0 9 0 4 0 1 
0 0 0 0 1 8 9 0 2 
0 0 1 0 0 0 8 7 3 
0 0 5 0 6 0 0 0 0 
0 0 0 0 0 0 0 0 0 
0 0 0 0 0 0 2 0 0 
0 0 0 0 0 0 7 0 0 
9 0 0 4 0 0 0 0 0 
************************************************************************************

Esta es la matriz original
 ???????????????????
0 7 2 0 0 0 0 0 5 
0 0 0 0 0 0 0 0 0 
0 0 0 0 1 8 0 0 0 
0 0 0 0 0 0 0 0 3 
0 0 0 0 6 0 0 0 0 
0 0 0 0 0 0 0 0 0 
0 0 0 0 0 0 0 0 0 
0 0 0 0 0 0 0 0 0 
9 0 0 4 0 0 0 0 0 



 ???????????????????
0 7 2 0 0 0 0 0 5 
0 0 0 0 0 0 0 0 6 
0 0 0 0 1 8 0 0 9 
0 0 0 0 0 0 0 0 3 
0 0 0 0 6 0 0 0 0 
0 0 0 0 0 0 0 0 0 
0 0 0 0 0 0 0 0 0 
0 0 0 0 0 0 0 0 0 
9 0 0 4 0 0 0 0 0 
*******************************************************************************************
La ficha que obtube fue: [6,9] En un angulo de:  0
*******************************************************************************************



Me disculpo, falle buscnado la solucion, volvere a intentar
Este fue el tablero que quedo despues de que fallara: 
 ???????????????????
0 7 2 0 0 0 0 0 5 
0 0 0 0 0 0 0 0 6 
0 0 0 0 1 8 0 0 9 
0 0 0 0 0 0 0 0 3 
0 0 0 0 6 0 0 0 0 
0 0 0 0 0 0 0 0 0 
0 6 7 0 0 0 0 0 0 
0 0 0 0 0 0 0 0 0 
9 0 0 4 0 0 0 0 0 
************************************************************************************

Esta es la matriz original
 ???????????????????
0 7 2 0 0 0 0 0 5 
0 0 0 0 0 0 0 0 0 
0 0 0 0 1 8 0 0 0 
0 0 0 0 0 0 0 0 3 
0 0 0 0 6 0 0 0 0 
0 0 0 0 0 0 0 0 0 
0 0 0 0 0 0 0 0 0 
0 0 0 0 0 0 0 0 0 
9 0 0 4 0 0 0 0 0 



 ???????????????????
0 7 2 0 0 0 0 0 5 
0 0 0 0 0 0 0 0 0 
0 0 5 0 1 8 0 0 0 
0 0 7 0 0 0 0 0 3 
0 0 0 0 6 0 0 0 0 
0 0 0 0 0 0 0 0 0 
0 0 0 0 0 0 0 0 0 
0 0 0 0 0 0 0 0 0 
9 0 0 4 0 0 0 0 0 
*******************************************************************************************
La ficha que obtube fue: [5,7] En un angulo de:  0
*******************************************************************************************


 ???????????????????
0 7 2 0 0 0 0 0 5 
0 0 0 0 0 0 0 0 0 
0 0 5 0 1 8 0 0 0 
0 0 7 0 0 0 0 0 3 
0 0 0 0 6 0 0 0 0 
0 0 0 0 0 0 0 0 0 
0 3 0 0 0 0 0 0 0 
0 8 0 0 0 0 0 0 0 
9 0 0 4 0 0 0 0 0 
*******************************************************************************************
La ficha que obtube fue: [3,8] En un angulo de:  0
*******************************************************************************************



Me disculpo, falle buscnado la solucion, volvere a intentar
Este fue el tablero que quedo despues de que fallara: 
 ???????????????????
0 7 2 0 0 0 0 0 5 
0 0 0 0 0 0 0 0 0 
0 0 5 0 1 8 0 0 0 
0 0 7 0 0 0 0 0 3 
0 0 0 0 6 0 0 0 0 
0 0 8 5 0 0 0 0 0 
0 3 0 0 0 0 0 0 0 
0 8 0 0 0 0 0 0 0 
9 0 0 4 0 0 0 0 0 
************************************************************************************

Esta es la matriz original
 ???????????????????
0 7 2 0 0 0 0 0 5 
0 0 0 0 0 0 0 0 0 
0 0 0 0 1 8 0 0 0 
0 0 0 0 0 0 0 0 3 
0 0 0 0 6 0 0 0 0 
0 0 0 0 0 0 0 0 0 
0 0 0 0 0 0 0 0 0 
0 0 0 0 0 0 0 0 0 
9 0 0 4 0 0 0 0 0 




Me disculpo, falle buscnado la solucion, volvere a intentar
Este fue el tablero que quedo despues de que fallara: 
 ???????????????????
0 7 2 0 0 0 0 0 5 
0 0 0 0 0 0 0 0 0 
0 0 0 0 1 8 0 0 0 
0 0 0 0 0 0 0 0 3 
0 0 0 0 6 0 0 0 0 
0 0 0 0 0 0 0 0 0 
0 0 0 0 5 6 0 0 0 
0 0 0 0 0 0 0 0 0 
9 0 0 4 0 0 0 0 0 
************************************************************************************

Esta es la matriz original
 ???????????????????
0 7 2 0 0 0 0 0 5 
0 0 0 0 0 0 0 0 0 
0 0 0 0 1 8 0 0 0 
0 0 0 0 0 0 0 0 3 
0 0 0 0 6 0 0 0 0 
0 0 0 0 0 0 0 0 0 
0 0 0 0 0 0 0 0 0 
0 0 0 0 0 0 0 0 0 
9 0 0 4 0 0 0 0 0 



 ???????????????????
0 7 2 0 0 0 0 4 5 
0 0 0 0 0 0 0 8 0 
0 0 0 0 1 8 0 0 0 
0 0 0 0 0 0 0 0 3 
0 0 0 0 6 0 0 0 0 
0 0 0 0 0 0 0 0 0 
0 0 0 0 0 0 0 0 0 
0 0 0 0 0 0 0 0 0 
9 0 0 4 0 0 0 0 0 
*******************************************************************************************
La ficha que obtube fue: [4,8] En un angulo de:  0
*******************************************************************************************


 ???????????????????
0 7 2 0 0 0 0 4 5 
0 0 0 0 0 0 0 8 0 
0 0 0 0 1 8 0 0 0 
0 0 0 0 0 0 0 0 3 
0 0 0 0 6 0 0 0 0 
2 9 0 0 0 0 0 0 0 
0 0 0 0 0 0 0 0 0 
0 0 0 0 0 0 0 0 0 
9 0 0 4 0 0 0 0 0 
*******************************************************************************************
La ficha que obtube fue: [2,9] En un angulo de:  270
*******************************************************************************************


 ???????????????????
3 7 2 0 0 0 0 4 5 
4 0 0 0 0 0 0 8 0 
0 0 0 0 1 8 0 0 0 
0 0 0 0 0 0 0 0 3 
0 0 0 0 6 0 0 0 0 
2 9 0 0 0 0 0 0 0 
0 0 0 0 0 0 0 0 0 
0 0 0 0 0 0 0 0 0 
9 0 0 4 0 0 0 0 0 
*******************************************************************************************
La ficha que obtube fue: [3,4] En un angulo de:  0
*******************************************************************************************


 ???????????????????
3 7 2 0 0 0 0 4 5 
4 0 0 0 0 0 0 8 0 
0 0 0 0 1 8 0 0 0 
0 0 0 0 0 0 0 0 3 
0 0 3 0 6 0 0 0 0 
2 9 7 0 0 0 0 0 0 
0 0 0 0 0 0 0 0 0 
0 0 0 0 0 0 0 0 0 
9 0 0 4 0 0 0 0 0 
*******************************************************************************************
La ficha que obtube fue: [3,7] En un angulo de:  0
*******************************************************************************************



Me disculpo, falle buscnado la solucion, volvere a intentar
Este fue el tablero que quedo despues de que fallara: 
 ???????????????????
3 7 2 0 0 0 0 4 5 
4 0 0 0 0 0 0 8 0 
0 0 0 0 1 8 0 0 0 
0 0 4 9 0 0 0 0 3 
0 0 3 0 6 0 0 0 0 
2 9 7 0 0 0 0 0 0 
0 0 0 0 0 0 0 0 0 
0 0 0 0 0 0 0 0 0 
9 0 0 4 0 0 0 0 0 
************************************************************************************

Esta es la matriz original
 ???????????????????
0 7 2 0 0 0 0 0 5 
0 0 0 0 0 0 0 0 0 
0 0 0 0 1 8 0 0 0 
0 0 0 0 0 0 0 0 3 
0 0 0 0 6 0 0 0 0 
0 0 0 0 0 0 0 0 0 
0 0 0 0 0 0 0 0 0 
0 0 0 0 0 0 0 0 0 
9 0 0 4 0 0 0 0 0 



 ???????????????????
0 7 2 0 0 0 0 0 5 
0 0 0 0 0 0 0 0 0 
0 0 0 0 1 8 0 0 0 
0 0 0 0 0 0 0 0 3 
0 0 0 0 6 3 0 0 0 
0 0 0 0 0 9 0 0 0 
0 0 0 0 0 0 0 0 0 
0 0 0 0 0 0 0 0 0 
9 0 0 4 0 0 0 0 0 
*******************************************************************************************
La ficha que obtube fue: [3,9] En un angulo de:  0
*******************************************************************************************


 ???????????????????
0 7 2 0 0 0 0 0 5 
0 0 0 0 0 0 0 0 0 
0 0 0 0 1 8 0 0 0 
0 0 0 0 0 0 0 0 3 
0 0 0 0 6 3 0 0 0 
7 0 0 0 0 9 0 0 0 
8 0 0 0 0 0 0 0 0 
0 0 0 0 0 0 0 0 0 
9 0 0 4 0 0 0 0 0 
*******************************************************************************************
La ficha que obtube fue: [7,8] En un angulo de:  0
*******************************************************************************************


 ???????????????????
0 7 2 0 0 0 0 0 5 
0 0 0 0 0 0 0 0 0 
0 0 0 0 1 8 0 0 0 
0 0 0 0 0 0 0 0 3 
0 1 0 0 6 3 0 0 0 
7 2 0 0 0 9 0 0 0 
8 0 0 0 0 0 0 0 0 
0 0 0 0 0 0 0 0 0 
9 0 0 4 0 0 0 0 0 
*******************************************************************************************
La ficha que obtube fue: [1,2] En un angulo de:  0
*******************************************************************************************



Me disculpo, falle buscnado la solucion, volvere a intentar
Este fue el tablero que quedo despues de que fallara: 
 ???????????????????
0 7 2 0 0 0 0 0 5 
0 0 0 0 0 0 0 0 0 
0 0 0 0 1 8 0 0 0 
0 0 0 0 0 0 0 0 3 
0 1 0 0 6 3 0 0 0 
7 2 0 0 0 9 0 0 0 
8 0 0 0 0 0 0 0 0 
0 0 0 0 0 0 0 0 0 
9 0 0 4 0 0 0 0 0 
************************************************************************************

Esta es la matriz original
 ???????????????????
0 7 2 0 0 0 0 0 5 
0 0 0 0 0 0 0 0 0 
0 0 0 0 1 8 0 0 0 
0 0 0 0 0 0 0 0 3 
0 0 0 0 6 0 0 0 0 
0 0 0 0 0 0 0 0 0 
0 0 0 0 0 0 0 0 0 
0 0 0 0 0 0 0 0 0 
9 0 0 4 0 0 0 0 0 



 ???????????????????
0 7 2 0 0 0 0 0 5 
0 0 0 0 0 0 0 0 0 
0 0 0 0 1 8 0 0 0 
0 0 0 0 0 0 0 0 3 
0 0 0 0 6 0 0 0 0 
0 0 0 0 0 0 0 0 0 
0 0 0 0 0 0 0 0 0 
0 0 0 0 0 0 0 0 6 
9 0 0 4 0 0 0 0 7 
*******************************************************************************************
La ficha que obtube fue: [6,7] En un angulo de:  0
*******************************************************************************************


 ???????????????????
0 7 2 0 0 0 0 0 5 
1 0 0 0 0 0 0 0 0 
5 0 0 0 1 8 0 0 0 
0 0 0 0 0 0 0 0 3 
0 0 0 0 6 0 0 0 0 
0 0 0 0 0 0 0 0 0 
0 0 0 0 0 0 0 0 0 
0 0 0 0 0 0 0 0 6 
9 0 0 4 0 0 0 0 7 
*******************************************************************************************
La ficha que obtube fue: [1,5] En un angulo de:  0
*******************************************************************************************


 ???????????????????
0 7 2 0 0 0 0 0 5 
1 0 0 0 0 0 0 0 0 
5 0 0 0 1 8 0 0 0 
0 0 0 7 0 0 0 0 3 
0 0 0 8 6 0 0 0 0 
0 0 0 0 0 0 0 0 0 
0 0 0 0 0 0 0 0 0 
0 0 0 0 0 0 0 0 6 
9 0 0 4 0 0 0 0 7 
*******************************************************************************************
La ficha que obtube fue: [7,8] En un angulo de:  0
*******************************************************************************************



Me disculpo, falle buscnado la solucion, volvere a intentar
Este fue el tablero que quedo despues de que fallara: 
 ???????????????????
0 7 2 0 0 0 0 0 5 
1 0 0 0 0 0 0 0 0 
5 0 0 0 1 8 0 0 0 
0 0 0 7 0 0 0 0 3 
0 0 0 8 6 0 0 0 0 
4 5 0 0 0 0 0 0 0 
0 0 0 0 0 0 0 0 0 
0 0 0 0 0 0 0 0 6 
9 0 0 4 0 0 0 0 7 
************************************************************************************

Esta es la matriz original
 ???????????????????
0 7 2 0 0 0 0 0 5 
0 0 0 0 0 0 0 0 0 
0 0 0 0 1 8 0 0 0 
0 0 0 0 0 0 0 0 3 
0 0 0 0 6 0 0 0 0 
0 0 0 0 0 0 0 0 0 
0 0 0 0 0 0 0 0 0 
0 0 0 0 0 0 0 0 0 
9 0 0 4 0 0 0 0 0 



 ???????????????????
0 7 2 0 0 0 0 0 5 
0 0 0 0 0 0 0 0 0 
0 0 0 0 1 8 0 0 0 
0 0 0 0 0 0 0 0 3 
0 0 0 0 6 0 0 0 0 
0 0 0 0 0 0 0 4 0 
0 0 0 0 0 0 0 6 0 
0 0 0 0 0 0 0 0 0 
9 0 0 4 0 0 0 0 0 
*******************************************************************************************
La ficha que obtube fue: [4,6] En un angulo de:  0
*******************************************************************************************



Me disculpo, falle buscnado la solucion, volvere a intentar
Este fue el tablero que quedo despues de que fallara: 
 ???????????????????
0 7 2 0 0 3 1 0 5 
0 0 0 0 0 0 0 0 0 
0 0 0 0 1 8 0 0 0 
0 0 0 0 0 0 0 0 3 
0 0 0 0 6 0 0 0 0 
0 0 0 0 0 0 0 4 0 
0 0 0 0 0 0 0 6 0 
0 0 0 0 0 0 0 0 0 
9 0 0 4 0 0 0 0 0 
************************************************************************************

Esta es la matriz original
 ???????????????????
0 7 2 0 0 0 0 0 5 
0 0 0 0 0 0 0 0 0 
0 0 0 0 1 8 0 0 0 
0 0 0 0 0 0 0 0 3 
0 0 0 0 6 0 0 0 0 
0 0 0 0 0 0 0 0 0 
0 0 0 0 0 0 0 0 0 
0 0 0 0 0 0 0 0 0 
9 0 0 4 0 0 0 0 0 



 ???????????????????
0 7 2 0 0 0 0 0 5 
0 0 0 0 0 0 0 0 0 
0 0 0 0 1 8 0 0 0 
0 0 0 1 0 0 0 0 3 
0 0 0 8 6 0 0 0 0 
0 0 0 0 0 0 0 0 0 
0 0 0 0 0 0 0 0 0 
0 0 0 0 0 0 0 0 0 
9 0 0 4 0 0 0 0 0 
*******************************************************************************************
La ficha que obtube fue: [1,8] En un angulo de:  0
*******************************************************************************************


 ???????????????????
0 7 2 0 0 4 0 0 5 
0 0 0 0 0 5 0 0 0 
0 0 0 0 1 8 0 0 0 
0 0 0 1 0 0 0 0 3 
0 0 0 8 6 0 0 0 0 
0 0 0 0 0 0 0 0 0 
0 0 0 0 0 0 0 0 0 
0 0 0 0 0 0 0 0 0 
9 0 0 4 0 0 0 0 0 
*******************************************************************************************
La ficha que obtube fue: [4,5] En un angulo de:  0
*******************************************************************************************


 ???????????????????
0 7 2 0 0 4 0 0 5 
0 0 0 0 0 5 0 0 0 
6 0 0 0 1 8 0 0 0 
8 0 0 1 0 0 0 0 3 
0 0 0 8 6 0 0 0 0 
0 0 0 0 0 0 0 0 0 
0 0 0 0 0 0 0 0 0 
0 0 0 0 0 0 0 0 0 
9 0 0 4 0 0 0 0 0 
*******************************************************************************************
La ficha que obtube fue: [6,8] En un angulo de:  0
*******************************************************************************************


 ???????????????????
0 7 2 0 0 4 0 0 5 
0 0 0 0 0 5 0 0 0 
6 0 0 0 1 8 0 0 0 
8 0 0 1 0 0 0 0 3 
0 0 0 8 6 0 0 0 0 
0 0 0 0 3 0 0 0 0 
0 0 0 0 7 0 0 0 0 
0 0 0 0 0 0 0 0 0 
9 0 0 4 0 0 0 0 0 
*******************************************************************************************
La ficha que obtube fue: [3,7] En un angulo de:  0
*******************************************************************************************


 ???????????????????
0 7 2 0 0 4 0 0 5 
0 0 0 0 0 5 0 0 0 
6 0 0 0 1 8 0 0 0 
8 0 0 1 0 0 0 0 3 
0 0 0 8 6 0 0 0 0 
0 0 0 0 3 0 0 0 0 
0 0 0 0 7 2 0 0 0 
0 0 0 0 0 6 0 0 0 
9 0 0 4 0 0 0 0 0 
*******************************************************************************************
La ficha que obtube fue: [2,6] En un angulo de:  0
*******************************************************************************************


 ???????????????????
0 7 2 0 0 4 0 0 5 
0 0 0 0 0 5 0 0 0 
6 0 0 0 1 8 0 0 0 
8 0 0 1 0 0 0 0 3 
0 0 0 8 6 0 0 0 0 
0 0 0 0 3 0 0 0 0 
0 0 0 0 7 2 0 0 1 
0 0 0 0 0 6 0 0 4 
9 0 0 4 0 0 0 0 0 
*******************************************************************************************
La ficha que obtube fue: [1,4] En un angulo de:  0
*******************************************************************************************


 ???????????????????
0 7 2 0 0 4 0 0 5 
0 0 0 0 0 5 0 0 0 
6 0 0 0 1 8 0 0 0 
8 0 0 1 0 0 0 0 3 
0 0 0 8 6 0 0 0 0 
0 0 0 0 3 0 0 0 0 
0 0 0 0 7 2 0 0 1 
0 5 0 0 0 6 0 0 4 
9 6 0 4 0 0 0 0 0 
*******************************************************************************************
La ficha que obtube fue: [5,6] En un angulo de:  0
*******************************************************************************************



Me disculpo, falle buscnado la solucion, volvere a intentar
Este fue el tablero que quedo despues de que fallara: 
 ???????????????????
0 7 2 0 0 4 0 0 5 
0 0 0 0 0 5 0 0 0 
6 0 0 0 1 8 0 0 0 
8 0 0 1 0 0 0 0 3 
7 9 0 8 6 0 0 0 0 
0 0 0 0 3 0 0 0 0 
0 0 0 0 7 2 0 0 1 
0 5 0 0 0 6 0 0 4 
9 6 0 4 0 0 0 0 0 
************************************************************************************

Esta es la matriz original
 ???????????????????
0 7 2 0 0 0 0 0 5 
0 0 0 0 0 0 0 0 0 
0 0 0 0 1 8 0 0 0 
0 0 0 0 0 0 0 0 3 
0 0 0 0 6 0 0 0 0 
0 0 0 0 0 0 0 0 0 
0 0 0 0 0 0 0 0 0 
0 0 0 0 0 0 0 0 0 
9 0 0 4 0 0 0 0 0 



 ???????????????????
0 7 2 0 0 0 0 0 5 
0 0 0 0 0 0 0 0 0 
0 0 0 0 1 8 0 0 0 
0 1 0 0 0 0 0 0 3 
0 9 0 0 6 0 0 0 0 
0 0 0 0 0 0 0 0 0 
0 0 0 0 0 0 0 0 0 
0 0 0 0 0 0 0 0 0 
9 0 0 4 0 0 0 0 0 
*******************************************************************************************
La ficha que obtube fue: [1,9] En un angulo de:  0
*******************************************************************************************



Me disculpo, falle buscnado la solucion, volvere a intentar
Este fue el tablero que quedo despues de que fallara: 
 ???????????????????
0 7 2 0 0 0 0 0 5 
0 0 0 0 0 0 0 0 0 
0 0 0 0 1 8 0 0 0 
0 1 0 0 0 0 0 0 3 
0 9 0 0 6 0 0 0 0 
0 0 0 0 0 0 0 0 0 
0 0 0 0 0 0 0 0 0 
0 0 0 0 0 0 0 9 7 
9 0 0 4 0 0 0 0 0 
************************************************************************************

Esta es la matriz original
 ???????????????????
0 7 2 0 0 0 0 0 5 
0 0 0 0 0 0 0 0 0 
0 0 0 0 1 8 0 0 0 
0 0 0 0 0 0 0 0 3 
0 0 0 0 6 0 0 0 0 
0 0 0 0 0 0 0 0 0 
0 0 0 0 0 0 0 0 0 
0 0 0 0 0 0 0 0 0 
9 0 0 4 0 0 0 0 0 



 ???????????????????
3 7 2 0 0 0 0 0 5 
4 0 0 0 0 0 0 0 0 
0 0 0 0 1 8 0 0 0 
0 0 0 0 0 0 0 0 3 
0 0 0 0 6 0 0 0 0 
0 0 0 0 0 0 0 0 0 
0 0 0 0 0 0 0 0 0 
0 0 0 0 0 0 0 0 0 
9 0 0 4 0 0 0 0 0 
*******************************************************************************************
La ficha que obtube fue: [3,4] En un angulo de:  0
*******************************************************************************************


 ???????????????????
3 7 2 0 0 0 0 0 5 
4 0 0 0 0 0 0 0 0 
0 0 0 0 1 8 0 0 0 
0 0 0 0 0 0 0 0 3 
0 0 0 0 6 0 5 0 0 
0 0 0 0 0 0 6 0 0 
0 0 0 0 0 0 0 0 0 
0 0 0 0 0 0 0 0 0 
9 0 0 4 0 0 0 0 0 
*******************************************************************************************
La ficha que obtube fue: [5,6] En un angulo de:  0
*******************************************************************************************



Me disculpo, falle buscnado la solucion, volvere a intentar
Este fue el tablero que quedo despues de que fallara: 
 ???????????????????
3 7 2 0 0 0 0 0 5 
4 0 0 0 0 0 0 0 0 
0 0 0 0 1 8 0 0 0 
0 0 0 0 0 0 0 0 3 
0 0 0 0 6 0 5 0 0 
0 0 0 0 0 0 6 0 0 
7 4 0 0 0 0 0 0 0 
0 0 0 0 0 0 0 0 0 
9 0 0 4 0 0 0 0 0 
************************************************************************************

Esta es la matriz original
 ???????????????????
0 7 2 0 0 0 0 0 5 
0 0 0 0 0 0 0 0 0 
0 0 0 0 1 8 0 0 0 
0 0 0 0 0 0 0 0 3 
0 0 0 0 6 0 0 0 0 
0 0 0 0 0 0 0 0 0 
0 0 0 0 0 0 0 0 0 
0 0 0 0 0 0 0 0 0 
9 0 0 4 0 0 0 0 0 




Me disculpo, falle buscnado la solucion, volvere a intentar
Este fue el tablero que quedo despues de que fallara: 
 ???????????????????
0 7 2 0 0 0 0 0 5 
0 0 0 0 0 0 0 0 0 
0 0 0 0 1 8 0 0 0 
5 9 0 0 0 0 0 0 3 
0 0 0 0 6 0 0 0 0 
0 0 0 0 0 0 0 0 0 
0 0 0 0 0 0 0 0 0 
0 0 0 0 0 0 0 0 0 
9 0 0 4 0 0 0 0 0 
Ejecuciones Exitosas: 0
Ejecuciones Fracasadas: 50
Maximas piezas usadas 8
Minimas piezas usadas 0
Promedio piezas usadas 2.22
BUILD SUCCESSFUL (total time: 1 second)
