run:
************************************************************************************

Esta es la matriz original
 ???????????????????
0 7 2 0 0 0 0 0 5 
0 0 0 0 0 0 0 0 0 
0 0 0 0 1 8 0 0 0 
0 0 0 0 0 0 0 0 3 
0 0 0 0 6 0 0 0 0 
0 0 0 0 0 0 0 0 0 
0 0 0 0 0 0 0 0 0 
0 0 0 0 0 0 0 0 0 
9 0 0 4 0 0 0 0 0 




Me disculpo, falle buscnado la solucion, volvere a intentar
Este fue el tablero que quedo despues de que fallara: 
 ???????????????????
0 7 2 0 0 0 0 0 5 
0 0 0 0 0 0 0 0 0 
0 0 0 0 1 8 0 0 0 
0 0 0 0 0 0 0 0 3 
0 0 0 0 6 0 0 0 0 
0 0 0 0 0 0 0 0 0 
0 0 4 2 0 0 0 0 0 
0 0 0 0 0 0 0 0 0 
9 0 0 4 0 0 0 0 0 
************************************************************************************

Esta es la matriz original
 ???????????????????
0 7 2 0 0 0 0 0 5 
0 0 0 0 0 0 0 0 0 
0 0 0 0 1 8 0 0 0 
0 0 0 0 0 0 0 0 3 
0 0 0 0 6 0 0 0 0 
0 0 0 0 0 0 0 0 0 
0 0 0 0 0 0 0 0 0 
0 0 0 0 0 0 0 0 0 
9 0 0 4 0 0 0 0 0 



No puede poner el dato 2 en [8][3]
 ???????????????????
0 7 2 0 0 0 0 0 5 
0 0 0 0 0 0 0 0 0 
0 0 0 0 1 8 0 0 0 
0 0 0 0 0 0 0 0 3 
0 0 0 0 6 0 0 0 0 
0 0 0 0 0 0 0 0 0 
0 0 0 0 0 0 0 0 0 
0 0 0 1 0 0 0 0 0 
9 0 0 4 0 0 0 0 0 
*******************************************************************************************
La ficha que obtube fue: [1,2] En un angulo de:  0
*******************************************************************************************


 ???????????????????
0 7 2 0 0 0 0 0 5 
0 0 0 0 0 0 0 0 0 
0 0 0 0 1 8 0 0 0 
0 0 0 0 0 0 0 0 3 
0 0 0 0 6 0 0 0 0 
0 0 0 0 0 0 0 0 1 
0 0 0 0 0 0 0 0 7 
0 0 0 1 0 0 0 0 0 
9 0 0 4 0 0 0 0 0 
*******************************************************************************************
La ficha que obtube fue: [1,7] En un angulo de:  0
*******************************************************************************************


 ???????????????????
0 7 2 0 0 0 0 0 5 
0 0 0 0 0 0 0 0 0 
0 0 0 0 1 8 0 0 0 
0 0 0 0 0 0 4 0 3 
0 0 0 0 6 0 9 0 0 
0 0 0 0 0 0 0 0 1 
0 0 0 0 0 0 0 0 7 
0 0 0 1 0 0 0 0 0 
9 0 0 4 0 0 0 0 0 
*******************************************************************************************
La ficha que obtube fue: [4,9] En un angulo de:  0
*******************************************************************************************


 ???????????????????
0 7 2 0 0 0 0 1 5 
0 0 0 0 0 0 0 9 0 
0 0 0 0 1 8 0 0 0 
0 0 0 0 0 0 4 0 3 
0 0 0 0 6 0 9 0 0 
0 0 0 0 0 0 0 0 1 
0 0 0 0 0 0 0 0 7 
0 0 0 1 0 0 0 0 0 
9 0 0 4 0 0 0 0 0 
*******************************************************************************************
La ficha que obtube fue: [1,9] En un angulo de:  0
*******************************************************************************************


 ???????????????????
4 7 2 0 0 0 0 1 5 
8 0 0 0 0 0 0 9 0 
0 0 0 0 1 8 0 0 0 
0 0 0 0 0 0 4 0 3 
0 0 0 0 6 0 9 0 0 
0 0 0 0 0 0 0 0 1 
0 0 0 0 0 0 0 0 7 
0 0 0 1 0 0 0 0 0 
9 0 0 4 0 0 0 0 0 
*******************************************************************************************
La ficha que obtube fue: [4,8] En un angulo de:  0
*******************************************************************************************


 ???????????????????
4 7 2 0 0 0 0 1 5 
8 0 0 0 0 0 0 9 0 
0 0 0 0 1 8 0 0 0 
0 0 0 0 0 0 4 0 3 
0 0 0 0 6 0 9 2 0 
0 0 0 0 0 0 0 6 1 
0 0 0 0 0 0 0 0 7 
0 0 0 1 0 0 0 0 0 
9 0 0 4 0 0 0 0 0 
*******************************************************************************************
La ficha que obtube fue: [2,6] En un angulo de:  0
*******************************************************************************************


No puede poner el dato 3 en [8][0]
 ???????????????????
4 7 2 0 0 0 0 1 5 
8 0 0 0 0 0 0 9 0 
0 0 0 0 1 8 0 0 0 
0 0 0 0 0 0 4 0 3 
0 0 0 0 6 0 9 2 0 
0 0 0 0 0 0 0 6 1 
0 0 0 0 0 0 0 0 7 
2 0 0 1 0 0 0 0 0 
9 0 0 4 0 0 0 0 0 
*******************************************************************************************
La ficha que obtube fue: [2,3] En un angulo de:  0
*******************************************************************************************


 ???????????????????
4 7 2 0 0 0 0 1 5 
8 0 0 0 0 0 0 9 0 
0 0 0 0 1 8 0 0 0 
0 0 0 0 0 0 4 0 3 
0 0 0 0 6 0 9 2 0 
0 0 0 0 0 0 0 6 1 
0 0 0 0 0 0 0 0 7 
2 0 0 1 0 0 0 0 6 
9 0 0 4 0 0 0 0 8 
*******************************************************************************************
La ficha que obtube fue: [6,8] En un angulo de:  0
*******************************************************************************************


No puede poner el dato 5 en [7][0]
 ???????????????????
4 7 2 0 0 0 0 1 5 
8 0 0 0 0 0 0 9 0 
0 0 0 0 1 8 0 0 0 
0 0 0 0 0 0 4 0 3 
0 0 0 0 6 0 9 2 0 
0 0 0 0 0 0 0 6 1 
1 0 0 0 0 0 0 0 7 
2 0 0 1 0 0 0 0 6 
9 0 0 4 0 0 0 0 8 
*******************************************************************************************
La ficha que obtube fue: [1,5] En un angulo de:  0
*******************************************************************************************


 ???????????????????
4 7 2 0 0 0 0 1 5 
8 0 0 0 0 0 0 9 0 
6 3 0 0 1 8 0 0 0 
0 0 0 0 0 0 4 0 3 
0 0 0 0 6 0 9 2 0 
0 0 0 0 0 0 0 6 1 
1 0 0 0 0 0 0 0 7 
2 0 0 1 0 0 0 0 6 
9 0 0 4 0 0 0 0 8 
*******************************************************************************************
La ficha que obtube fue: [3,6] En un angulo de:  90
*******************************************************************************************


 ???????????????????
4 7 2 0 0 0 0 1 5 
8 0 0 0 0 0 0 9 0 
6 3 0 0 1 8 0 4 0 
0 0 0 0 0 0 4 7 3 
0 0 0 0 6 0 9 2 0 
0 0 0 0 0 0 0 6 1 
1 0 0 0 0 0 0 0 7 
2 0 0 1 0 0 0 0 6 
9 0 0 4 0 0 0 0 8 
*******************************************************************************************
La ficha que obtube fue: [4,7] En un angulo de:  0
*******************************************************************************************



Me disculpo, falle buscnado la solucion, volvere a intentar
Este fue el tablero que quedo despues de que fallara: 
 ???????????????????
4 7 2 0 0 0 0 1 5 
8 0 0 0 0 0 0 9 0 
6 3 0 0 1 8 0 4 0 
0 0 0 0 0 0 4 7 3 
0 0 0 0 6 0 9 2 0 
0 0 0 0 0 0 0 6 1 
1 0 0 0 0 0 0 0 7 
2 0 0 1 0 0 0 0 6 
9 0 0 4 0 0 0 0 8 
************************************************************************************

Esta es la matriz original
 ???????????????????
0 7 2 0 0 0 0 0 5 
0 0 0 0 0 0 0 0 0 
0 0 0 0 1 8 0 0 0 
0 0 0 0 0 0 0 0 3 
0 0 0 0 6 0 0 0 0 
0 0 0 0 0 0 0 0 0 
0 0 0 0 0 0 0 0 0 
0 0 0 0 0 0 0 0 0 
9 0 0 4 0 0 0 0 0 



 ???????????????????
0 7 2 0 0 0 0 0 5 
0 0 0 0 0 0 0 0 0 
0 0 0 0 1 8 0 0 0 
0 0 0 0 0 0 0 0 3 
0 0 0 0 6 0 0 0 0 
0 0 0 0 2 0 0 0 0 
0 0 0 0 8 0 0 0 0 
0 0 0 0 0 0 0 0 0 
9 0 0 4 0 0 0 0 0 
*******************************************************************************************
La ficha que obtube fue: [2,8] En un angulo de:  0
*******************************************************************************************


No puede poner el dato 4 en [4][4]

Me disculpo, falle buscnado la solucion, volvere a intentar
Este fue el tablero que quedo despues de que fallara: 
 ???????????????????
0 7 2 0 0 0 0 0 5 
0 0 0 0 0 0 0 0 0 
0 0 0 0 1 8 0 0 0 
0 0 0 0 0 0 0 0 3 
0 0 0 9 6 0 0 0 0 
0 0 0 0 2 0 0 0 0 
0 0 0 0 8 0 0 0 0 
0 0 0 0 0 0 0 0 0 
9 0 0 4 0 0 0 0 0 
************************************************************************************

Esta es la matriz original
 ???????????????????
0 7 2 0 0 0 0 0 5 
0 0 0 0 0 0 0 0 0 
0 0 0 0 1 8 0 0 0 
0 0 0 0 0 0 0 0 3 
0 0 0 0 6 0 0 0 0 
0 0 0 0 0 0 0 0 0 
0 0 0 0 0 0 0 0 0 
0 0 0 0 0 0 0 0 0 
9 0 0 4 0 0 0 0 0 




Me disculpo, falle buscnado la solucion, volvere a intentar
Este fue el tablero que quedo despues de que fallara: 
 ???????????????????
0 7 2 0 0 0 0 0 5 
0 0 0 0 0 0 0 0 0 
0 0 0 0 1 8 0 0 0 
0 0 0 0 0 0 0 0 3 
0 0 0 0 6 0 0 0 0 
0 0 8 2 0 0 0 0 0 
0 0 0 0 0 0 0 0 0 
0 0 0 0 0 0 0 0 0 
9 0 0 4 0 0 0 0 0 
************************************************************************************

Esta es la matriz original
 ???????????????????
0 7 2 0 0 0 0 0 5 
0 0 0 0 0 0 0 0 0 
0 0 0 0 1 8 0 0 0 
0 0 0 0 0 0 0 0 3 
0 0 0 0 6 0 0 0 0 
0 0 0 0 0 0 0 0 0 
0 0 0 0 0 0 0 0 0 
0 0 0 0 0 0 0 0 0 
9 0 0 4 0 0 0 0 0 



 ???????????????????
0 7 2 0 0 0 0 0 5 
0 0 0 0 0 0 0 0 0 
0 0 0 0 1 8 0 0 0 
0 0 0 0 0 0 0 0 3 
0 0 0 0 6 0 0 0 0 
0 0 0 0 0 0 0 0 0 
0 0 0 0 0 0 0 1 0 
0 0 0 0 0 0 0 8 0 
9 0 0 4 0 0 0 0 0 
*******************************************************************************************
La ficha que obtube fue: [1,8] En un angulo de:  0
*******************************************************************************************



Me disculpo, falle buscnado la solucion, volvere a intentar
Este fue el tablero que quedo despues de que fallara: 
 ???????????????????
0 7 2 0 0 0 0 0 5 
0 0 0 0 0 0 0 0 0 
0 0 0 0 1 8 0 0 0 
0 0 0 0 0 0 0 0 3 
0 0 0 0 6 0 0 0 0 
0 0 0 0 0 0 0 0 0 
0 0 0 0 0 0 0 1 0 
0 0 0 0 0 0 0 8 0 
9 0 0 4 0 0 0 0 0 
************************************************************************************

Esta es la matriz original
 ???????????????????
0 7 2 0 0 0 0 0 5 
0 0 0 0 0 0 0 0 0 
0 0 0 0 1 8 0 0 0 
0 0 0 0 0 0 0 0 3 
0 0 0 0 6 0 0 0 0 
0 0 0 0 0 0 0 0 0 
0 0 0 0 0 0 0 0 0 
0 0 0 0 0 0 0 0 0 
9 0 0 4 0 0 0 0 0 



 ???????????????????
0 7 2 0 0 0 0 0 5 
0 0 0 0 0 0 0 0 0 
0 0 0 0 1 8 0 0 0 
0 0 0 0 0 0 0 0 3 
0 0 0 0 6 0 0 0 0 
0 0 0 0 0 0 0 0 0 
0 0 0 0 0 0 0 0 8 
0 0 0 0 0 0 0 0 9 
9 0 0 4 0 0 0 0 0 
*******************************************************************************************
La ficha que obtube fue: [8,9] En un angulo de:  0
*******************************************************************************************


 ???????????????????
0 7 2 0 0 0 0 0 5 
0 0 0 0 0 0 0 0 0 
0 0 4 0 1 8 0 0 0 
0 0 8 0 0 0 0 0 3 
0 0 0 0 6 0 0 0 0 
0 0 0 0 0 0 0 0 0 
0 0 0 0 0 0 0 0 8 
0 0 0 0 0 0 0 0 9 
9 0 0 4 0 0 0 0 0 
*******************************************************************************************
La ficha que obtube fue: [4,8] En un angulo de:  0
*******************************************************************************************



Me disculpo, falle buscnado la solucion, volvere a intentar
Este fue el tablero que quedo despues de que fallara: 
 ???????????????????
0 7 2 0 0 0 0 0 5 
0 0 0 0 0 0 0 0 0 
0 0 4 0 1 8 0 0 0 
6 5 8 0 0 0 0 0 3 
0 0 0 0 6 0 0 0 0 
0 0 0 0 0 0 0 0 0 
0 0 0 0 0 0 0 0 8 
0 0 0 0 0 0 0 0 9 
9 0 0 4 0 0 0 0 0 
************************************************************************************

Esta es la matriz original
 ???????????????????
0 7 2 0 0 0 0 0 5 
0 0 0 0 0 0 0 0 0 
0 0 0 0 1 8 0 0 0 
0 0 0 0 0 0 0 0 3 
0 0 0 0 6 0 0 0 0 
0 0 0 0 0 0 0 0 0 
0 0 0 0 0 0 0 0 0 
0 0 0 0 0 0 0 0 0 
9 0 0 4 0 0 0 0 0 



 ???????????????????
0 7 2 0 0 0 0 0 5 
0 0 0 0 0 0 0 0 0 
0 0 0 0 1 8 0 0 0 
0 0 0 0 0 0 0 0 3 
0 0 0 0 6 0 0 0 0 
0 0 0 0 0 0 0 0 0 
0 0 0 0 0 0 0 0 0 
0 0 0 0 0 0 0 0 6 
9 0 0 4 0 0 0 0 8 
*******************************************************************************************
La ficha que obtube fue: [6,8] En un angulo de:  0
*******************************************************************************************


 ???????????????????
0 7 2 0 0 0 0 0 5 
0 0 0 0 0 0 0 0 0 
0 0 0 0 1 8 0 0 0 
0 0 0 0 0 0 0 0 3 
0 0 0 0 6 0 0 0 0 
0 0 0 0 0 0 0 0 0 
0 0 0 1 0 0 0 0 0 
0 0 0 2 0 0 0 0 6 
9 0 0 4 0 0 0 0 8 
*******************************************************************************************
La ficha que obtube fue: [1,2] En un angulo de:  0
*******************************************************************************************


 ???????????????????
0 7 2 0 0 0 0 0 5 
0 0 0 0 0 0 0 0 0 
0 0 0 0 1 8 0 0 0 
0 0 0 0 0 0 0 0 3 
0 0 0 0 6 0 0 0 0 
0 2 0 0 0 0 0 0 0 
0 8 0 1 0 0 0 0 0 
0 0 0 2 0 0 0 0 6 
9 0 0 4 0 0 0 0 8 
*******************************************************************************************
La ficha que obtube fue: [2,8] En un angulo de:  0
*******************************************************************************************


 ???????????????????
0 7 2 0 0 0 0 0 5 
0 0 0 0 0 0 0 0 0 
0 0 0 0 1 8 0 0 0 
0 0 0 0 0 0 0 0 3 
0 0 0 0 6 0 1 0 0 
0 2 0 0 0 0 8 0 0 
0 8 0 1 0 0 0 0 0 
0 0 0 2 0 0 0 0 6 
9 0 0 4 0 0 0 0 8 
*******************************************************************************************
La ficha que obtube fue: [1,8] En un angulo de:  0
*******************************************************************************************



Me disculpo, falle buscnado la solucion, volvere a intentar
Este fue el tablero que quedo despues de que fallara: 
 ???????????????????
0 7 2 0 0 0 0 0 5 
0 0 0 0 0 0 0 0 0 
0 0 0 0 1 8 0 0 0 
0 0 0 0 0 0 0 0 3 
0 0 0 0 6 0 1 0 0 
0 2 0 0 0 0 8 0 0 
0 8 0 1 0 0 0 0 0 
0 0 0 2 0 0 0 0 6 
9 0 0 4 0 0 7 1 8 
************************************************************************************

Esta es la matriz original
 ???????????????????
0 7 2 0 0 0 0 0 5 
0 0 0 0 0 0 0 0 0 
0 0 0 0 1 8 0 0 0 
0 0 0 0 0 0 0 0 3 
0 0 0 0 6 0 0 0 0 
0 0 0 0 0 0 0 0 0 
0 0 0 0 0 0 0 0 0 
0 0 0 0 0 0 0 0 0 
9 0 0 4 0 0 0 0 0 



 ???????????????????
0 7 2 0 0 0 0 0 5 
0 0 0 0 0 0 0 0 0 
0 0 0 0 1 8 0 0 0 
0 0 0 0 0 0 0 0 3 
0 0 0 0 6 0 0 0 0 
0 0 0 0 0 0 0 0 0 
0 3 0 0 0 0 0 0 0 
0 4 0 0 0 0 0 0 0 
9 0 0 4 0 0 0 0 0 
*******************************************************************************************
La ficha que obtube fue: [3,4] En un angulo de:  0
*******************************************************************************************


 ???????????????????
0 7 2 0 0 0 0 0 5 
0 0 0 0 0 0 0 0 0 
0 0 0 0 1 8 0 0 0 
0 0 0 0 0 0 0 0 3 
0 0 0 0 6 0 0 0 0 
0 0 0 0 0 0 0 0 0 
0 3 0 0 0 0 0 0 0 
0 4 0 0 0 2 0 0 0 
9 0 0 4 0 7 0 0 0 
*******************************************************************************************
La ficha que obtube fue: [2,7] En un angulo de:  0
*******************************************************************************************


No puede poner el dato 4 en [4][4]

Me disculpo, falle buscnado la solucion, volvere a intentar
Este fue el tablero que quedo despues de que fallara: 
 ???????????????????
0 7 2 0 0 0 0 0 5 
0 0 0 0 0 0 0 0 0 
0 0 0 0 1 8 0 0 0 
0 0 0 0 0 0 0 0 3 
0 0 0 8 6 0 0 0 0 
0 0 0 0 0 0 0 0 0 
0 3 0 0 0 0 0 0 0 
0 4 0 0 0 2 0 0 0 
9 0 0 4 0 7 0 0 0 
************************************************************************************

Esta es la matriz original
 ???????????????????
0 7 2 0 0 0 0 0 5 
0 0 0 0 0 0 0 0 0 
0 0 0 0 1 8 0 0 0 
0 0 0 0 0 0 0 0 3 
0 0 0 0 6 0 0 0 0 
0 0 0 0 0 0 0 0 0 
0 0 0 0 0 0 0 0 0 
0 0 0 0 0 0 0 0 0 
9 0 0 4 0 0 0 0 0 



 ???????????????????
0 7 2 0 0 0 0 0 5 
0 0 0 0 0 0 0 0 0 
0 0 0 0 1 8 0 0 0 
0 0 0 0 0 0 0 0 3 
0 0 0 0 6 0 0 0 0 
0 0 0 0 0 0 0 0 0 
0 0 0 0 0 0 3 0 0 
0 0 0 0 0 0 8 0 0 
9 0 0 4 0 0 0 0 0 
*******************************************************************************************
La ficha que obtube fue: [3,8] En un angulo de:  0
*******************************************************************************************



Me disculpo, falle buscnado la solucion, volvere a intentar
Este fue el tablero que quedo despues de que fallara: 
 ???????????????????
0 7 2 0 9 6 0 0 5 
0 0 0 0 0 0 0 0 0 
0 0 0 0 1 8 0 0 0 
0 0 0 0 0 0 0 0 3 
0 0 0 0 6 0 0 0 0 
0 0 0 0 0 0 0 0 0 
0 0 0 0 0 0 3 0 0 
0 0 0 0 0 0 8 0 0 
9 0 0 4 0 0 0 0 0 
************************************************************************************

Esta es la matriz original
 ???????????????????
0 7 2 0 0 0 0 0 5 
0 0 0 0 0 0 0 0 0 
0 0 0 0 1 8 0 0 0 
0 0 0 0 0 0 0 0 3 
0 0 0 0 6 0 0 0 0 
0 0 0 0 0 0 0 0 0 
0 0 0 0 0 0 0 0 0 
0 0 0 0 0 0 0 0 0 
9 0 0 4 0 0 0 0 0 



No puede poner el dato 4 en [2][4]

Me disculpo, falle buscnado la solucion, volvere a intentar
Este fue el tablero que quedo despues de que fallara: 
 ???????????????????
0 7 2 0 0 0 0 0 5 
0 0 0 0 0 0 0 0 0 
0 0 0 2 1 8 0 0 0 
0 0 0 0 0 0 0 0 3 
0 0 0 0 6 0 0 0 0 
0 0 0 0 0 0 0 0 0 
0 0 0 0 0 0 0 0 0 
0 0 0 0 0 0 0 0 0 
9 0 0 4 0 0 0 0 0 
************************************************************************************

Esta es la matriz original
 ???????????????????
0 7 2 0 0 0 0 0 5 
0 0 0 0 0 0 0 0 0 
0 0 0 0 1 8 0 0 0 
0 0 0 0 0 0 0 0 3 
0 0 0 0 6 0 0 0 0 
0 0 0 0 0 0 0 0 0 
0 0 0 0 0 0 0 0 0 
0 0 0 0 0 0 0 0 0 
9 0 0 4 0 0 0 0 0 




Me disculpo, falle buscnado la solucion, volvere a intentar
Este fue el tablero que quedo despues de que fallara: 
 ???????????????????
0 7 2 0 0 0 0 0 5 
0 0 0 0 4 6 0 0 0 
0 0 0 0 1 8 0 0 0 
0 0 0 0 0 0 0 0 3 
0 0 0 0 6 0 0 0 0 
0 0 0 0 0 0 0 0 0 
0 0 0 0 0 0 0 0 0 
0 0 0 0 0 0 0 0 0 
9 0 0 4 0 0 0 0 0 
************************************************************************************

Esta es la matriz original
 ???????????????????
0 7 2 0 0 0 0 0 5 
0 0 0 0 0 0 0 0 0 
0 0 0 0 1 8 0 0 0 
0 0 0 0 0 0 0 0 3 
0 0 0 0 6 0 0 0 0 
0 0 0 0 0 0 0 0 0 
0 0 0 0 0 0 0 0 0 
0 0 0 0 0 0 0 0 0 
9 0 0 4 0 0 0 0 0 



 ???????????????????
0 7 2 0 4 0 0 0 5 
0 0 0 0 9 0 0 0 0 
0 0 0 0 1 8 0 0 0 
0 0 0 0 0 0 0 0 3 
0 0 0 0 6 0 0 0 0 
0 0 0 0 0 0 0 0 0 
0 0 0 0 0 0 0 0 0 
0 0 0 0 0 0 0 0 0 
9 0 0 4 0 0 0 0 0 
*******************************************************************************************
La ficha que obtube fue: [4,9] En un angulo de:  0
*******************************************************************************************


No puede poner el dato 2 en [8][3]

Me disculpo, falle buscnado la solucion, volvere a intentar
Este fue el tablero que quedo despues de que fallara: 
 ???????????????????
0 7 2 0 4 0 0 0 5 
0 0 0 0 9 0 0 0 0 
0 0 0 0 1 8 0 0 0 
0 0 0 0 0 0 0 0 3 
0 0 0 0 6 0 0 0 0 
0 0 0 0 0 0 0 0 0 
0 0 0 0 0 0 0 0 0 
0 0 0 0 0 0 0 0 0 
9 0 7 4 0 0 0 0 0 
************************************************************************************

Esta es la matriz original
 ???????????????????
0 7 2 0 0 0 0 0 5 
0 0 0 0 0 0 0 0 0 
0 0 0 0 1 8 0 0 0 
0 0 0 0 0 0 0 0 3 
0 0 0 0 6 0 0 0 0 
0 0 0 0 0 0 0 0 0 
0 0 0 0 0 0 0 0 0 
0 0 0 0 0 0 0 0 0 
9 0 0 4 0 0 0 0 0 



 ???????????????????
0 7 2 0 0 0 0 0 5 
0 0 0 0 0 0 0 0 0 
0 0 0 0 1 8 0 0 0 
0 0 0 0 0 0 0 0 3 
0 0 0 0 6 0 0 0 0 
0 0 0 0 0 0 0 0 0 
0 0 0 0 0 0 0 0 0 
0 0 0 0 0 0 0 0 1 
9 0 0 4 0 0 0 0 7 
*******************************************************************************************
La ficha que obtube fue: [1,7] En un angulo de:  0
*******************************************************************************************


 ???????????????????
0 7 2 0 0 0 0 0 5 
0 0 0 0 0 0 0 0 0 
0 0 0 6 1 8 0 0 0 
0 0 0 8 0 0 0 0 3 
0 0 0 0 6 0 0 0 0 
0 0 0 0 0 0 0 0 0 
0 0 0 0 0 0 0 0 0 
0 0 0 0 0 0 0 0 1 
9 0 0 4 0 0 0 0 7 
*******************************************************************************************
La ficha que obtube fue: [6,8] En un angulo de:  0
*******************************************************************************************



Me disculpo, falle buscnado la solucion, volvere a intentar
Este fue el tablero que quedo despues de que fallara: 
 ???????????????????
0 7 2 0 0 0 0 0 5 
0 0 0 0 0 0 0 0 0 
0 0 0 6 1 8 0 0 0 
0 0 0 8 0 0 0 0 3 
0 0 0 0 6 0 0 0 0 
0 0 0 0 4 3 0 0 0 
0 0 0 0 0 0 0 0 0 
0 0 0 0 0 0 0 0 1 
9 0 0 4 0 0 0 0 7 
************************************************************************************

Esta es la matriz original
 ???????????????????
0 7 2 0 0 0 0 0 5 
0 0 0 0 0 0 0 0 0 
0 0 0 0 1 8 0 0 0 
0 0 0 0 0 0 0 0 3 
0 0 0 0 6 0 0 0 0 
0 0 0 0 0 0 0 0 0 
0 0 0 0 0 0 0 0 0 
0 0 0 0 0 0 0 0 0 
9 0 0 4 0 0 0 0 0 



No puede poner el dato 6 en [8][3]
 ???????????????????
0 7 2 0 0 0 0 0 5 
0 0 0 0 0 0 0 0 0 
0 0 0 0 1 8 0 0 0 
0 0 0 0 0 0 0 0 3 
0 0 0 0 6 0 0 0 0 
0 0 0 0 0 0 0 0 0 
0 0 0 0 0 0 0 0 0 
0 0 0 5 0 0 0 0 0 
9 0 0 4 0 0 0 0 0 
*******************************************************************************************
La ficha que obtube fue: [5,6] En un angulo de:  0
*******************************************************************************************


 ???????????????????
0 7 2 0 0 0 0 0 5 
0 0 0 0 0 0 0 0 0 
0 0 0 0 1 8 0 0 0 
0 0 0 0 0 0 0 0 3 
0 0 0 0 6 0 0 0 0 
0 0 0 0 0 0 0 0 0 
0 0 0 0 2 0 0 0 0 
0 0 0 5 3 0 0 0 0 
9 0 0 4 0 0 0 0 0 
*******************************************************************************************
La ficha que obtube fue: [2,3] En un angulo de:  0
*******************************************************************************************



Me disculpo, falle buscnado la solucion, volvere a intentar
Este fue el tablero que quedo despues de que fallara: 
 ???????????????????
0 7 2 0 0 0 0 0 5 
0 0 0 0 0 0 0 0 0 
0 0 0 0 1 8 0 0 0 
0 0 0 0 0 0 0 0 3 
0 0 0 0 6 0 0 0 0 
0 0 0 0 0 0 0 0 0 
0 0 0 0 2 0 0 0 0 
0 0 0 5 3 0 0 0 0 
9 0 0 4 0 0 0 0 0 
************************************************************************************

Esta es la matriz original
 ???????????????????
0 7 2 0 0 0 0 0 5 
0 0 0 0 0 0 0 0 0 
0 0 0 0 1 8 0 0 0 
0 0 0 0 0 0 0 0 3 
0 0 0 0 6 0 0 0 0 
0 0 0 0 0 0 0 0 0 
0 0 0 0 0 0 0 0 0 
0 0 0 0 0 0 0 0 0 
9 0 0 4 0 0 0 0 0 



 ???????????????????
0 7 2 0 0 0 0 0 5 
0 0 0 0 0 0 0 0 0 
0 0 0 0 1 8 0 0 0 
0 0 0 0 0 0 0 0 3 
0 0 0 0 6 0 0 0 0 
0 0 0 0 0 0 0 0 0 
7 0 0 0 0 0 0 0 0 
8 0 0 0 0 0 0 0 0 
9 0 0 4 0 0 0 0 0 
*******************************************************************************************
La ficha que obtube fue: [7,8] En un angulo de:  0
*******************************************************************************************


No puede poner el dato 4 en [2][4]

Me disculpo, falle buscnado la solucion, volvere a intentar
Este fue el tablero que quedo despues de que fallara: 
 ???????????????????
0 7 2 0 0 0 0 0 5 
0 0 0 0 0 0 0 0 0 
0 0 0 6 1 8 0 0 0 
0 0 0 0 0 0 0 0 3 
0 0 0 0 6 0 0 0 0 
0 0 0 0 0 0 0 0 0 
7 0 0 0 0 0 0 0 0 
8 0 0 0 0 0 0 0 0 
9 0 0 4 0 0 0 0 0 
************************************************************************************

Esta es la matriz original
 ???????????????????
0 7 2 0 0 0 0 0 5 
0 0 0 0 0 0 0 0 0 
0 0 0 0 1 8 0 0 0 
0 0 0 0 0 0 0 0 3 
0 0 0 0 6 0 0 0 0 
0 0 0 0 0 0 0 0 0 
0 0 0 0 0 0 0 0 0 
0 0 0 0 0 0 0 0 0 
9 0 0 4 0 0 0 0 0 



 ???????????????????
0 7 2 0 0 0 0 0 5 
0 0 0 0 0 0 0 0 0 
0 0 0 0 1 8 0 0 0 
0 0 0 0 0 0 0 0 3 
0 0 0 0 6 0 0 0 0 
0 0 6 0 0 0 0 0 0 
0 0 8 0 0 0 0 0 0 
0 0 0 0 0 0 0 0 0 
9 0 0 4 0 0 0 0 0 
*******************************************************************************************
La ficha que obtube fue: [6,8] En un angulo de:  0
*******************************************************************************************


 ???????????????????
0 7 2 0 0 0 0 0 5 
0 0 0 0 0 0 2 0 0 
0 0 0 0 1 8 7 0 0 
0 0 0 0 0 0 0 0 3 
0 0 0 0 6 0 0 0 0 
0 0 6 0 0 0 0 0 0 
0 0 8 0 0 0 0 0 0 
0 0 0 0 0 0 0 0 0 
9 0 0 4 0 0 0 0 0 
*******************************************************************************************
La ficha que obtube fue: [2,7] En un angulo de:  0
*******************************************************************************************


No puede poner el dato 5 en [8][0]
 ???????????????????
0 7 2 0 0 0 0 0 5 
0 0 0 0 0 0 2 0 0 
0 0 0 0 1 8 7 0 0 
0 0 0 0 0 0 0 0 3 
0 0 0 0 6 0 0 0 0 
0 0 6 0 0 0 0 0 0 
0 0 8 0 0 0 0 0 0 
3 0 0 0 0 0 0 0 0 
9 0 0 4 0 0 0 0 0 
*******************************************************************************************
La ficha que obtube fue: [3,5] En un angulo de:  0
*******************************************************************************************


 ???????????????????
0 7 2 0 0 0 0 0 5 
0 0 0 0 0 0 2 0 0 
0 0 5 0 1 8 7 0 0 
0 0 7 0 0 0 0 0 3 
0 0 0 0 6 0 0 0 0 
0 0 6 0 0 0 0 0 0 
0 0 8 0 0 0 0 0 0 
3 0 0 0 0 0 0 0 0 
9 0 0 4 0 0 0 0 0 
*******************************************************************************************
La ficha que obtube fue: [5,7] En un angulo de:  0
*******************************************************************************************


 ???????????????????
0 7 2 0 0 0 0 0 5 
0 0 0 0 0 0 2 0 0 
0 0 5 0 1 8 7 0 0 
0 0 7 0 0 0 0 0 3 
0 0 0 0 6 0 0 0 0 
0 0 6 0 0 0 0 0 0 
0 0 8 0 0 1 0 0 0 
3 0 0 0 0 9 0 0 0 
9 0 0 4 0 0 0 0 0 
*******************************************************************************************
La ficha que obtube fue: [1,9] En un angulo de:  0
*******************************************************************************************



Me disculpo, falle buscnado la solucion, volvere a intentar
Este fue el tablero que quedo despues de que fallara: 
 ???????????????????
0 7 2 0 0 0 0 0 5 
0 0 0 0 0 0 2 0 0 
0 0 5 0 1 8 7 0 0 
0 0 7 0 0 0 0 0 3 
0 0 0 0 6 0 0 0 0 
0 0 6 0 0 2 4 0 0 
0 0 8 0 0 1 0 0 0 
3 0 0 0 0 9 0 0 0 
9 0 0 4 0 0 0 0 0 
************************************************************************************

Esta es la matriz original
 ???????????????????
0 7 2 0 0 0 0 0 5 
0 0 0 0 0 0 0 0 0 
0 0 0 0 1 8 0 0 0 
0 0 0 0 0 0 0 0 3 
0 0 0 0 6 0 0 0 0 
0 0 0 0 0 0 0 0 0 
0 0 0 0 0 0 0 0 0 
0 0 0 0 0 0 0 0 0 
9 0 0 4 0 0 0 0 0 




Me disculpo, falle buscnado la solucion, volvere a intentar
Este fue el tablero que quedo despues de que fallara: 
 ???????????????????
0 7 2 0 0 0 0 0 5 
0 0 0 0 0 0 0 0 0 
0 0 0 0 1 8 0 0 0 
0 0 0 0 0 0 0 0 3 
0 0 0 0 6 0 0 0 0 
0 0 8 2 0 0 0 0 0 
0 0 0 0 0 0 0 0 0 
0 0 0 0 0 0 0 0 0 
9 0 0 4 0 0 0 0 0 
************************************************************************************

Esta es la matriz original
 ???????????????????
0 7 2 0 0 0 0 0 5 
0 0 0 0 0 0 0 0 0 
0 0 0 0 1 8 0 0 0 
0 0 0 0 0 0 0 0 3 
0 0 0 0 6 0 0 0 0 
0 0 0 0 0 0 0 0 0 
0 0 0 0 0 0 0 0 0 
0 0 0 0 0 0 0 0 0 
9 0 0 4 0 0 0 0 0 



 ???????????????????
0 7 2 0 0 0 0 0 5 
0 0 0 0 0 0 0 0 0 
0 0 0 0 1 8 0 0 0 
0 0 0 0 0 0 0 0 3 
2 0 0 0 6 0 0 0 0 
8 0 0 0 0 0 0 0 0 
0 0 0 0 0 0 0 0 0 
0 0 0 0 0 0 0 0 0 
9 0 0 4 0 0 0 0 0 
*******************************************************************************************
La ficha que obtube fue: [2,8] En un angulo de:  0
*******************************************************************************************


 ???????????????????
0 7 2 0 0 0 0 0 5 
0 0 0 0 0 0 0 0 0 
0 0 0 0 1 8 0 0 0 
0 0 0 0 0 0 0 0 3 
2 0 0 0 6 0 1 0 0 
8 0 0 0 0 0 4 0 0 
0 0 0 0 0 0 0 0 0 
0 0 0 0 0 0 0 0 0 
9 0 0 4 0 0 0 0 0 
*******************************************************************************************
La ficha que obtube fue: [1,4] En un angulo de:  0
*******************************************************************************************



Me disculpo, falle buscnado la solucion, volvere a intentar
Este fue el tablero que quedo despues de que fallara: 
 ???????????????????
0 7 2 0 0 0 0 0 5 
0 0 0 0 0 0 0 0 0 
0 0 0 0 1 8 0 0 0 
0 0 0 0 0 0 0 0 3 
2 4 3 0 6 0 1 0 0 
8 0 0 0 0 0 4 0 0 
0 0 0 0 0 0 0 0 0 
0 0 0 0 0 0 0 0 0 
9 0 0 4 0 0 0 0 0 
************************************************************************************

Esta es la matriz original
 ???????????????????
0 7 2 0 0 0 0 0 5 
0 0 0 0 0 0 0 0 0 
0 0 0 0 1 8 0 0 0 
0 0 0 0 0 0 0 0 3 
0 0 0 0 6 0 0 0 0 
0 0 0 0 0 0 0 0 0 
0 0 0 0 0 0 0 0 0 
0 0 0 0 0 0 0 0 0 
9 0 0 4 0 0 0 0 0 



 ???????????????????
0 7 2 0 0 0 0 0 5 
0 0 0 3 0 0 0 0 0 
0 0 0 7 1 8 0 0 0 
0 0 0 0 0 0 0 0 3 
0 0 0 0 6 0 0 0 0 
0 0 0 0 0 0 0 0 0 
0 0 0 0 0 0 0 0 0 
0 0 0 0 0 0 0 0 0 
9 0 0 4 0 0 0 0 0 
*******************************************************************************************
La ficha que obtube fue: [3,7] En un angulo de:  0
*******************************************************************************************



Me disculpo, falle buscnado la solucion, volvere a intentar
Este fue el tablero que quedo despues de que fallara: 
 ???????????????????
0 7 2 0 0 0 0 0 5 
0 0 0 3 0 0 0 0 0 
0 0 0 7 1 8 0 0 0 
0 0 0 0 0 0 0 0 3 
0 0 0 0 6 0 0 0 0 
0 0 0 0 0 0 0 0 0 
0 0 0 0 0 0 0 0 0 
0 0 0 0 0 0 0 0 0 
9 0 0 4 0 0 0 0 0 
************************************************************************************

Esta es la matriz original
 ???????????????????
0 7 2 0 0 0 0 0 5 
0 0 0 0 0 0 0 0 0 
0 0 0 0 1 8 0 0 0 
0 0 0 0 0 0 0 0 3 
0 0 0 0 6 0 0 0 0 
0 0 0 0 0 0 0 0 0 
0 0 0 0 0 0 0 0 0 
0 0 0 0 0 0 0 0 0 
9 0 0 4 0 0 0 0 0 



 ???????????????????
0 7 2 0 0 0 0 0 5 
0 0 0 0 0 0 0 0 0 
0 0 0 0 1 8 0 0 0 
0 0 0 0 0 0 0 0 3 
0 0 0 0 6 0 0 0 0 
0 0 0 0 0 0 0 0 1 
0 0 0 0 0 0 0 0 7 
0 0 0 0 0 0 0 0 0 
9 0 0 4 0 0 0 0 0 
*******************************************************************************************
La ficha que obtube fue: [1,7] En un angulo de:  0
*******************************************************************************************


 ???????????????????
0 7 2 0 0 0 0 0 5 
0 0 0 0 0 0 0 0 0 
0 0 0 0 1 8 0 0 0 
0 0 0 0 0 0 0 0 3 
0 0 0 0 6 0 0 0 0 
0 0 0 0 0 0 0 0 1 
0 0 0 0 0 0 0 0 7 
0 0 0 0 7 0 0 0 0 
9 0 0 4 8 0 0 0 0 
*******************************************************************************************
La ficha que obtube fue: [7,8] En un angulo de:  0
*******************************************************************************************


 ???????????????????
0 7 2 0 0 0 0 0 5 
0 0 0 0 0 0 0 0 0 
0 0 0 0 1 8 0 0 0 
0 0 0 0 0 0 4 0 3 
0 0 0 0 6 0 8 0 0 
0 0 0 0 0 0 0 0 1 
0 0 0 0 0 0 0 0 7 
0 0 0 0 7 0 0 0 0 
9 0 0 4 8 0 0 0 0 
*******************************************************************************************
La ficha que obtube fue: [4,8] En un angulo de:  0
*******************************************************************************************


 ???????????????????
0 7 2 0 0 0 0 0 5 
0 0 0 0 0 0 0 0 0 
0 0 0 0 1 8 0 0 0 
0 0 0 0 0 0 4 0 3 
0 0 0 0 6 0 8 0 0 
0 4 0 0 0 0 0 0 1 
0 5 0 0 0 0 0 0 7 
0 0 0 0 7 0 0 0 0 
9 0 0 4 8 0 0 0 0 
*******************************************************************************************
La ficha que obtube fue: [4,5] En un angulo de:  0
*******************************************************************************************


 ???????????????????
0 7 2 0 0 0 0 0 5 
0 0 1 0 0 0 0 0 0 
0 0 4 0 1 8 0 0 0 
0 0 0 0 0 0 4 0 3 
0 0 0 0 6 0 8 0 0 
0 4 0 0 0 0 0 0 1 
0 5 0 0 0 0 0 0 7 
0 0 0 0 7 0 0 0 0 
9 0 0 4 8 0 0 0 0 
*******************************************************************************************
La ficha que obtube fue: [1,4] En un angulo de:  0
*******************************************************************************************


 ???????????????????
0 7 2 0 0 0 0 4 5 
0 0 1 0 0 0 0 9 0 
0 0 4 0 1 8 0 0 0 
0 0 0 0 0 0 4 0 3 
0 0 0 0 6 0 8 0 0 
0 4 0 0 0 0 0 0 1 
0 5 0 0 0 0 0 0 7 
0 0 0 0 7 0 0 0 0 
9 0 0 4 8 0 0 0 0 
*******************************************************************************************
La ficha que obtube fue: [4,9] En un angulo de:  0
*******************************************************************************************


 ???????????????????
0 7 2 0 0 0 0 4 5 
0 0 1 0 0 0 0 9 0 
0 0 4 0 1 8 0 0 0 
0 0 0 0 0 0 4 0 3 
0 0 0 0 6 0 8 0 0 
0 4 0 0 0 0 0 0 1 
0 5 0 0 0 0 0 0 7 
0 0 0 0 7 1 0 0 0 
9 0 0 4 8 3 0 0 0 
*******************************************************************************************
La ficha que obtube fue: [1,3] En un angulo de:  0
*******************************************************************************************


 ???????????????????
0 7 2 0 0 0 0 4 5 
0 0 1 0 0 0 0 9 2 
0 0 4 0 1 8 0 0 6 
0 0 0 0 0 0 4 0 3 
0 0 0 0 6 0 8 0 0 
0 4 0 0 0 0 0 0 1 
0 5 0 0 0 0 0 0 7 
0 0 0 0 7 1 0 0 0 
9 0 0 4 8 3 0 0 0 
*******************************************************************************************
La ficha que obtube fue: [2,6] En un angulo de:  0
*******************************************************************************************


 ???????????????????
0 7 2 0 0 0 0 4 5 
0 0 1 0 0 0 0 9 2 
0 0 4 0 1 8 0 0 6 
0 0 0 0 0 0 4 0 3 
0 0 0 0 6 0 8 0 0 
0 4 0 0 0 0 0 0 1 
0 5 0 0 0 0 0 0 7 
0 2 0 0 7 1 0 0 0 
9 6 0 4 8 3 0 0 0 
*******************************************************************************************
La ficha que obtube fue: [2,6] En un angulo de:  0
*******************************************************************************************


 ???????????????????
0 7 2 0 0 0 0 4 5 
0 0 1 0 0 0 0 9 2 
0 0 4 0 1 8 0 0 6 
0 0 0 0 0 0 4 0 3 
0 0 0 2 6 0 8 0 0 
0 4 0 7 0 0 0 0 1 
0 5 0 0 0 0 0 0 7 
0 2 0 0 7 1 0 0 0 
9 6 0 4 8 3 0 0 0 
*******************************************************************************************
La ficha que obtube fue: [2,7] En un angulo de:  0
*******************************************************************************************


No puede poner el dato 5 en [7][4]
 ???????????????????
0 7 2 0 0 0 0 4 5 
0 0 1 0 0 0 0 9 2 
0 0 4 0 1 8 0 0 6 
0 0 0 0 0 0 4 0 3 
0 0 0 2 6 0 8 0 0 
0 4 0 7 0 0 0 0 1 
0 5 0 0 2 0 0 0 7 
0 2 0 0 7 1 0 0 0 
9 6 0 4 8 3 0 0 0 
*******************************************************************************************
La ficha que obtube fue: [2,5] En un angulo de:  0
*******************************************************************************************


 ???????????????????
0 7 2 0 0 0 0 4 5 
0 0 1 0 0 0 0 9 2 
0 0 4 0 1 8 0 0 6 
0 0 0 0 0 0 4 0 3 
0 0 0 2 6 0 8 0 0 
0 4 0 7 0 0 0 0 1 
0 5 3 9 2 0 0 0 7 
0 2 0 0 7 1 0 0 0 
9 6 0 4 8 3 0 0 0 
*******************************************************************************************
La ficha que obtube fue: [3,9] En un angulo de:  270
*******************************************************************************************


 ???????????????????
0 7 2 0 0 0 0 4 5 
0 0 1 0 0 0 0 9 2 
0 0 4 0 1 8 0 0 6 
0 1 8 0 0 0 4 0 3 
0 0 0 2 6 0 8 0 0 
0 4 0 7 0 0 0 0 1 
0 5 3 9 2 0 0 0 7 
0 2 0 0 7 1 0 0 0 
9 6 0 4 8 3 0 0 0 
*******************************************************************************************
La ficha que obtube fue: [1,8] En un angulo de:  270
*******************************************************************************************


 ???????????????????
0 7 2 0 0 0 0 4 5 
0 0 1 3 4 0 0 9 2 
0 0 4 0 1 8 0 0 6 
0 1 8 0 0 0 4 0 3 
0 0 0 2 6 0 8 0 0 
0 4 0 7 0 0 0 0 1 
0 5 3 9 2 0 0 0 7 
0 2 0 0 7 1 0 0 0 
9 6 0 4 8 3 0 0 0 
*******************************************************************************************
La ficha que obtube fue: [3,4] En un angulo de:  270
*******************************************************************************************


No puede poner el dato 7 en [8][0]
 ???????????????????
0 7 2 0 0 0 0 4 5 
0 0 1 3 4 0 0 9 2 
0 0 4 0 1 8 0 0 6 
0 1 8 0 0 0 4 0 3 
0 0 0 2 6 0 8 0 0 
0 4 0 7 0 0 0 0 1 
0 5 3 9 2 0 0 0 7 
4 2 0 0 7 1 0 0 0 
9 6 0 4 8 3 0 0 0 
*******************************************************************************************
La ficha que obtube fue: [4,7] En un angulo de:  0
*******************************************************************************************



Me disculpo, falle buscnado la solucion, volvere a intentar
Este fue el tablero que quedo despues de que fallara: 
 ???????????????????
0 7 2 0 0 0 0 4 5 
0 0 1 3 4 0 0 9 2 
0 0 4 0 1 8 0 0 6 
0 1 8 0 0 0 4 0 3 
0 0 0 2 6 0 8 0 0 
0 4 0 7 0 0 0 0 1 
0 5 3 9 2 0 0 0 7 
4 2 0 0 7 1 0 0 0 
9 6 0 4 8 3 0 0 0 
************************************************************************************

Esta es la matriz original
 ???????????????????
0 7 2 0 0 0 0 0 5 
0 0 0 0 0 0 0 0 0 
0 0 0 0 1 8 0 0 0 
0 0 0 0 0 0 0 0 3 
0 0 0 0 6 0 0 0 0 
0 0 0 0 0 0 0 0 0 
0 0 0 0 0 0 0 0 0 
0 0 0 0 0 0 0 0 0 
9 0 0 4 0 0 0 0 0 



 ???????????????????
0 7 2 0 0 0 0 0 5 
0 0 0 0 0 0 0 0 0 
0 0 0 0 1 8 0 0 0 
0 0 0 0 0 0 0 0 3 
0 0 0 0 6 0 0 0 0 
0 0 0 0 0 0 0 0 0 
4 0 0 0 0 0 0 0 0 
8 0 0 0 0 0 0 0 0 
9 0 0 4 0 0 0 0 0 
*******************************************************************************************
La ficha que obtube fue: [4,8] En un angulo de:  0
*******************************************************************************************


 ???????????????????
0 7 2 0 0 0 0 0 5 
0 0 0 0 0 0 0 0 0 
0 0 0 0 1 8 0 0 0 
0 0 0 0 0 0 0 0 3 
0 0 0 0 6 0 0 0 0 
0 0 0 0 0 0 0 0 0 
4 0 0 1 0 0 0 0 0 
8 0 0 2 0 0 0 0 0 
9 0 0 4 0 0 0 0 0 
*******************************************************************************************
La ficha que obtube fue: [1,2] En un angulo de:  0
*******************************************************************************************



Me disculpo, falle buscnado la solucion, volvere a intentar
Este fue el tablero que quedo despues de que fallara: 
 ???????????????????
0 7 2 0 0 0 0 0 5 
0 0 0 0 0 0 0 0 0 
0 0 0 0 1 8 0 0 0 
0 0 0 0 0 0 0 0 3 
0 0 0 0 6 0 0 0 0 
0 0 0 0 0 0 0 0 0 
4 0 0 1 0 0 0 0 0 
8 0 0 2 0 0 0 0 0 
9 0 0 4 8 6 0 0 0 
************************************************************************************

Esta es la matriz original
 ???????????????????
0 7 2 0 0 0 0 0 5 
0 0 0 0 0 0 0 0 0 
0 0 0 0 1 8 0 0 0 
0 0 0 0 0 0 0 0 3 
0 0 0 0 6 0 0 0 0 
0 0 0 0 0 0 0 0 0 
0 0 0 0 0 0 0 0 0 
0 0 0 0 0 0 0 0 0 
9 0 0 4 0 0 0 0 0 



No puede poner el dato 9 en [3][8]
 ???????????????????
0 7 2 0 0 0 0 0 5 
0 0 0 0 0 0 0 0 0 
0 0 0 0 1 8 0 0 6 
0 0 0 0 0 0 0 0 3 
0 0 0 0 6 0 0 0 0 
0 0 0 0 0 0 0 0 0 
0 0 0 0 0 0 0 0 0 
0 0 0 0 0 0 0 0 0 
9 0 0 4 0 0 0 0 0 
*******************************************************************************************
La ficha que obtube fue: [6,9] En un angulo de:  0
*******************************************************************************************


 ???????????????????
0 7 2 0 0 0 0 0 5 
0 0 0 0 0 0 0 0 0 
0 0 0 0 1 8 0 0 6 
0 0 0 0 0 0 0 0 3 
0 0 0 0 6 0 0 0 0 
0 0 0 0 0 0 0 0 0 
0 0 0 0 0 0 0 2 0 
0 0 0 0 0 0 0 3 0 
9 0 0 4 0 0 0 0 0 
*******************************************************************************************
La ficha que obtube fue: [2,3] En un angulo de:  0
*******************************************************************************************



Me disculpo, falle buscnado la solucion, volvere a intentar
Este fue el tablero que quedo despues de que fallara: 
 ???????????????????
0 7 2 0 0 0 0 0 5 
0 0 0 0 0 0 0 0 0 
0 0 0 0 1 8 0 0 6 
0 0 0 0 0 0 0 0 3 
0 0 0 0 6 0 0 0 0 
0 0 1 2 0 0 0 0 0 
0 0 0 0 0 0 0 2 0 
0 0 0 0 0 0 0 3 0 
9 0 0 4 0 0 0 0 0 
************************************************************************************

Esta es la matriz original
 ???????????????????
0 7 2 0 0 0 0 0 5 
0 0 0 0 0 0 0 0 0 
0 0 0 0 1 8 0 0 0 
0 0 0 0 0 0 0 0 3 
0 0 0 0 6 0 0 0 0 
0 0 0 0 0 0 0 0 0 
0 0 0 0 0 0 0 0 0 
0 0 0 0 0 0 0 0 0 
9 0 0 4 0 0 0 0 0 



 ???????????????????
0 7 2 0 0 0 0 0 5 
0 0 0 0 0 0 0 0 0 
0 0 0 0 1 8 0 0 0 
0 0 0 0 0 0 0 0 3 
0 0 0 0 6 0 0 0 0 
0 0 0 0 0 0 0 0 0 
0 0 0 0 0 0 3 0 0 
0 0 0 0 0 0 8 0 0 
9 0 0 4 0 0 0 0 0 
*******************************************************************************************
La ficha que obtube fue: [3,8] En un angulo de:  0
*******************************************************************************************


 ???????????????????
0 7 2 0 0 0 0 0 5 
0 0 0 0 0 0 0 0 0 
0 0 0 0 1 8 0 0 0 
0 0 0 0 0 0 0 0 3 
0 0 0 0 6 0 0 0 0 
0 3 0 0 0 0 0 0 0 
0 5 0 0 0 0 3 0 0 
0 0 0 0 0 0 8 0 0 
9 0 0 4 0 0 0 0 0 
*******************************************************************************************
La ficha que obtube fue: [3,5] En un angulo de:  0
*******************************************************************************************


 ???????????????????
0 7 2 0 0 0 0 0 5 
0 0 0 0 0 0 0 0 0 
0 0 0 0 1 8 0 0 0 
0 0 0 0 0 0 0 0 3 
0 0 0 0 6 0 0 0 0 
0 3 0 0 0 0 0 0 0 
0 5 0 0 0 0 3 0 0 
0 1 0 0 0 0 8 0 0 
9 2 0 4 0 0 0 0 0 
*******************************************************************************************
La ficha que obtube fue: [1,2] En un angulo de:  0
*******************************************************************************************


No puede poner el dato 7 en [3][8]
 ???????????????????
0 7 2 0 0 0 0 0 5 
0 0 0 0 0 0 0 0 0 
0 0 0 0 1 8 0 0 2 
0 0 0 0 0 0 0 0 3 
0 0 0 0 6 0 0 0 0 
0 3 0 0 0 0 0 0 0 
0 5 0 0 0 0 3 0 0 
0 1 0 0 0 0 8 0 0 
9 2 0 4 0 0 0 0 0 
*******************************************************************************************
La ficha que obtube fue: [2,7] En un angulo de:  0
*******************************************************************************************



Me disculpo, falle buscnado la solucion, volvere a intentar
Este fue el tablero que quedo despues de que fallara: 
 ???????????????????
0 7 2 0 0 0 0 0 5 
0 0 0 0 0 0 0 0 0 
0 0 0 0 1 8 0 0 2 
0 0 0 0 0 0 0 0 3 
0 0 0 0 6 0 0 0 0 
0 3 0 0 0 0 0 0 0 
0 5 0 0 0 0 3 0 0 
0 1 0 0 9 5 8 0 0 
9 2 0 4 0 0 0 0 0 
************************************************************************************

Esta es la matriz original
 ???????????????????
0 7 2 0 0 0 0 0 5 
0 0 0 0 0 0 0 0 0 
0 0 0 0 1 8 0 0 0 
0 0 0 0 0 0 0 0 3 
0 0 0 0 6 0 0 0 0 
0 0 0 0 0 0 0 0 0 
0 0 0 0 0 0 0 0 0 
0 0 0 0 0 0 0 0 0 
9 0 0 4 0 0 0 0 0 



 ???????????????????
0 7 2 0 0 0 0 0 5 
0 0 0 0 0 0 0 0 0 
0 0 0 0 1 8 0 0 0 
0 0 0 0 0 0 0 0 3 
0 0 0 0 6 0 0 0 0 
0 0 0 1 0 0 0 0 0 
0 0 0 8 0 0 0 0 0 
0 0 0 0 0 0 0 0 0 
9 0 0 4 0 0 0 0 0 
*******************************************************************************************
La ficha que obtube fue: [1,8] En un angulo de:  0
*******************************************************************************************


 ???????????????????
0 7 2 0 0 0 0 0 5 
0 0 0 0 0 0 0 0 0 
0 0 0 0 1 8 0 0 0 
0 0 0 0 0 0 0 0 3 
0 0 0 0 6 0 0 0 0 
0 0 0 1 0 0 0 0 0 
0 0 0 8 0 0 6 0 0 
0 0 0 0 0 0 7 0 0 
9 0 0 4 0 0 0 0 0 
*******************************************************************************************
La ficha que obtube fue: [6,7] En un angulo de:  0
*******************************************************************************************


No puede poner el dato 8 en [3][8]
 ???????????????????
0 7 2 0 0 0 0 0 5 
0 0 0 0 0 0 0 0 0 
0 0 0 0 1 8 0 0 7 
0 0 0 0 0 0 0 0 3 
0 0 0 0 6 0 0 0 0 
0 0 0 1 0 0 0 0 0 
0 0 0 8 0 0 6 0 0 
0 0 0 0 0 0 7 0 0 
9 0 0 4 0 0 0 0 0 
*******************************************************************************************
La ficha que obtube fue: [7,8] En un angulo de:  0
*******************************************************************************************



Me disculpo, falle buscnado la solucion, volvere a intentar
Este fue el tablero que quedo despues de que fallara: 
 ???????????????????
0 7 2 0 0 0 0 0 5 
0 0 0 0 0 0 0 0 0 
0 0 0 0 1 8 0 0 7 
0 0 0 0 0 0 0 0 3 
0 0 0 0 6 0 0 0 0 
0 0 0 1 0 0 0 0 0 
0 0 0 8 0 0 6 0 0 
0 0 0 0 0 0 7 0 0 
9 0 0 4 0 0 0 0 0 
************************************************************************************

Esta es la matriz original
 ???????????????????
0 7 2 0 0 0 0 0 5 
0 0 0 0 0 0 0 0 0 
0 0 0 0 1 8 0 0 0 
0 0 0 0 0 0 0 0 3 
0 0 0 0 6 0 0 0 0 
0 0 0 0 0 0 0 0 0 
0 0 0 0 0 0 0 0 0 
0 0 0 0 0 0 0 0 0 
9 0 0 4 0 0 0 0 0 




Me disculpo, falle buscnado la solucion, volvere a intentar
Este fue el tablero que quedo despues de que fallara: 
 ???????????????????
0 7 2 0 0 0 0 0 5 
0 0 0 0 0 0 0 0 0 
0 0 0 0 1 8 0 0 0 
6 5 0 0 0 0 0 0 3 
0 0 0 0 6 0 0 0 0 
0 0 0 0 0 0 0 0 0 
0 0 0 0 0 0 0 0 0 
0 0 0 0 0 0 0 0 0 
9 0 0 4 0 0 0 0 0 
************************************************************************************

Esta es la matriz original
 ???????????????????
0 7 2 0 0 0 0 0 5 
0 0 0 0 0 0 0 0 0 
0 0 0 0 1 8 0 0 0 
0 0 0 0 0 0 0 0 3 
0 0 0 0 6 0 0 0 0 
0 0 0 0 0 0 0 0 0 
0 0 0 0 0 0 0 0 0 
0 0 0 0 0 0 0 0 0 
9 0 0 4 0 0 0 0 0 



No puede poner el dato 8 en [8][3]
 ???????????????????
0 7 2 0 0 0 0 0 5 
0 0 0 0 0 0 0 0 0 
0 0 0 0 1 8 0 0 0 
0 0 0 0 0 0 0 0 3 
0 0 0 0 6 0 0 0 0 
0 0 0 0 0 0 0 0 0 
0 0 0 0 0 0 0 0 0 
0 0 0 1 0 0 0 0 0 
9 0 0 4 0 0 0 0 0 
*******************************************************************************************
La ficha que obtube fue: [1,8] En un angulo de:  0
*******************************************************************************************



Me disculpo, falle buscnado la solucion, volvere a intentar
Este fue el tablero que quedo despues de que fallara: 
 ???????????????????
0 7 2 0 0 0 0 0 5 
0 0 0 0 0 3 1 0 0 
0 0 0 0 1 8 0 0 0 
0 0 0 0 0 0 0 0 3 
0 0 0 0 6 0 0 0 0 
0 0 0 0 0 0 0 0 0 
0 0 0 0 0 0 0 0 0 
0 0 0 1 0 0 0 0 0 
9 0 0 4 0 0 0 0 0 
************************************************************************************

Esta es la matriz original
 ???????????????????
0 7 2 0 0 0 0 0 5 
0 0 0 0 0 0 0 0 0 
0 0 0 0 1 8 0 0 0 
0 0 0 0 0 0 0 0 3 
0 0 0 0 6 0 0 0 0 
0 0 0 0 0 0 0 0 0 
0 0 0 0 0 0 0 0 0 
0 0 0 0 0 0 0 0 0 
9 0 0 4 0 0 0 0 0 



 ???????????????????
0 7 2 0 0 0 0 0 5 
0 0 0 0 0 0 0 0 0 
0 0 0 0 1 8 0 0 0 
0 0 0 0 0 0 0 0 3 
2 0 0 0 6 0 0 0 0 
3 0 0 0 0 0 0 0 0 
0 0 0 0 0 0 0 0 0 
0 0 0 0 0 0 0 0 0 
9 0 0 4 0 0 0 0 0 
*******************************************************************************************
La ficha que obtube fue: [2,3] En un angulo de:  0
*******************************************************************************************



Me disculpo, falle buscnado la solucion, volvere a intentar
Este fue el tablero que quedo despues de que fallara: 
 ???????????????????
0 7 2 0 0 0 0 0 5 
0 0 0 0 0 0 0 0 0 
0 0 0 0 1 8 0 0 0 
0 0 0 0 0 0 0 0 3 
2 0 0 0 6 0 0 0 0 
3 0 0 0 0 0 0 0 0 
0 0 0 0 0 0 0 0 0 
0 0 0 0 9 5 0 0 0 
9 0 0 4 0 0 0 0 0 
************************************************************************************

Esta es la matriz original
 ???????????????????
0 7 2 0 0 0 0 0 5 
0 0 0 0 0 0 0 0 0 
0 0 0 0 1 8 0 0 0 
0 0 0 0 0 0 0 0 3 
0 0 0 0 6 0 0 0 0 
0 0 0 0 0 0 0 0 0 
0 0 0 0 0 0 0 0 0 
0 0 0 0 0 0 0 0 0 
9 0 0 4 0 0 0 0 0 



 ???????????????????
0 7 2 0 0 0 0 0 5 
0 3 0 0 0 0 0 0 0 
0 9 0 0 1 8 0 0 0 
0 0 0 0 0 0 0 0 3 
0 0 0 0 6 0 0 0 0 
0 0 0 0 0 0 0 0 0 
0 0 0 0 0 0 0 0 0 
0 0 0 0 0 0 0 0 0 
9 0 0 4 0 0 0 0 0 
*******************************************************************************************
La ficha que obtube fue: [3,9] En un angulo de:  0
*******************************************************************************************



Me disculpo, falle buscnado la solucion, volvere a intentar
Este fue el tablero que quedo despues de que fallara: 
 ???????????????????
0 7 2 0 0 0 0 0 5 
0 3 0 0 0 0 0 0 0 
0 9 0 0 1 8 0 0 0 
0 0 0 0 0 0 0 0 3 
0 0 0 0 6 0 0 0 0 
0 0 0 0 0 0 0 0 0 
0 0 0 0 0 0 0 0 0 
0 0 0 0 0 0 0 0 0 
9 0 0 4 0 0 0 0 0 
************************************************************************************

Esta es la matriz original
 ???????????????????
0 7 2 0 0 0 0 0 5 
0 0 0 0 0 0 0 0 0 
0 0 0 0 1 8 0 0 0 
0 0 0 0 0 0 0 0 3 
0 0 0 0 6 0 0 0 0 
0 0 0 0 0 0 0 0 0 
0 0 0 0 0 0 0 0 0 
0 0 0 0 0 0 0 0 0 
9 0 0 4 0 0 0 0 0 



 ???????????????????
0 7 2 0 0 0 0 0 5 
0 0 0 0 0 0 4 0 0 
0 0 0 0 1 8 7 0 0 
0 0 0 0 0 0 0 0 3 
0 0 0 0 6 0 0 0 0 
0 0 0 0 0 0 0 0 0 
0 0 0 0 0 0 0 0 0 
0 0 0 0 0 0 0 0 0 
9 0 0 4 0 0 0 0 0 
*******************************************************************************************
La ficha que obtube fue: [4,7] En un angulo de:  0
*******************************************************************************************



Me disculpo, falle buscnado la solucion, volvere a intentar
Este fue el tablero que quedo despues de que fallara: 
 ???????????????????
0 7 2 0 0 0 0 0 5 
0 0 0 0 0 0 4 0 0 
0 0 0 0 1 8 7 0 0 
0 0 0 0 0 0 0 0 3 
0 0 0 0 6 0 0 0 0 
0 0 0 0 0 0 0 0 0 
0 0 0 0 0 0 0 0 0 
0 0 0 0 0 0 0 0 0 
9 0 0 4 0 0 0 0 0 
************************************************************************************

Esta es la matriz original
 ???????????????????
0 7 2 0 0 0 0 0 5 
0 0 0 0 0 0 0 0 0 
0 0 0 0 1 8 0 0 0 
0 0 0 0 0 0 0 0 3 
0 0 0 0 6 0 0 0 0 
0 0 0 0 0 0 0 0 0 
0 0 0 0 0 0 0 0 0 
0 0 0 0 0 0 0 0 0 
9 0 0 4 0 0 0 0 0 



 ???????????????????
0 7 2 0 0 0 0 0 5 
0 0 0 0 0 0 0 0 0 
3 0 0 0 1 8 0 0 0 
4 0 0 0 0 0 0 0 3 
0 0 0 0 6 0 0 0 0 
0 0 0 0 0 0 0 0 0 
0 0 0 0 0 0 0 0 0 
0 0 0 0 0 0 0 0 0 
9 0 0 4 0 0 0 0 0 
*******************************************************************************************
La ficha que obtube fue: [3,4] En un angulo de:  0
*******************************************************************************************


 ???????????????????
0 7 2 0 0 0 0 0 5 
0 0 0 0 0 0 0 0 0 
3 0 0 0 1 8 0 0 0 
4 0 0 0 0 0 0 0 3 
0 0 0 0 6 0 0 0 0 
0 0 0 0 0 0 0 0 0 
0 0 0 0 0 0 0 0 0 
0 0 0 0 0 0 0 0 4 
9 0 0 4 0 0 0 0 6 
*******************************************************************************************
La ficha que obtube fue: [4,6] En un angulo de:  0
*******************************************************************************************



Me disculpo, falle buscnado la solucion, volvere a intentar
Este fue el tablero que quedo despues de que fallara: 
 ???????????????????
0 7 2 0 0 0 0 0 5 
0 0 0 0 0 0 8 3 0 
3 0 0 0 1 8 0 0 0 
4 0 0 0 0 0 0 0 3 
0 0 0 0 6 0 0 0 0 
0 0 0 0 0 0 0 0 0 
0 0 0 0 0 0 0 0 0 
0 0 0 0 0 0 0 0 4 
9 0 0 4 0 0 0 0 6 
************************************************************************************

Esta es la matriz original
 ???????????????????
0 7 2 0 0 0 0 0 5 
0 0 0 0 0 0 0 0 0 
0 0 0 0 1 8 0 0 0 
0 0 0 0 0 0 0 0 3 
0 0 0 0 6 0 0 0 0 
0 0 0 0 0 0 0 0 0 
0 0 0 0 0 0 0 0 0 
0 0 0 0 0 0 0 0 0 
9 0 0 4 0 0 0 0 0 



 ???????????????????
0 7 2 0 0 0 0 0 5 
0 0 0 0 0 0 0 0 0 
0 0 0 0 1 8 0 0 0 
0 0 0 0 0 0 0 0 3 
0 0 0 0 6 0 0 0 4 
0 0 0 0 0 0 0 0 8 
0 0 0 0 0 0 0 0 0 
0 0 0 0 0 0 0 0 0 
9 0 0 4 0 0 0 0 0 
*******************************************************************************************
La ficha que obtube fue: [4,8] En un angulo de:  0
*******************************************************************************************



Me disculpo, falle buscnado la solucion, volvere a intentar
Este fue el tablero que quedo despues de que fallara: 
 ???????????????????
0 7 2 0 0 0 0 0 5 
3 9 0 0 0 0 0 0 0 
0 0 0 0 1 8 0 0 0 
0 0 0 0 0 0 0 0 3 
0 0 0 0 6 0 0 0 4 
0 0 0 0 0 0 0 0 8 
0 0 0 0 0 0 0 0 0 
0 0 0 0 0 0 0 0 0 
9 0 0 4 0 0 0 0 0 
************************************************************************************

Esta es la matriz original
 ???????????????????
0 7 2 0 0 0 0 0 5 
0 0 0 0 0 0 0 0 0 
0 0 0 0 1 8 0 0 0 
0 0 0 0 0 0 0 0 3 
0 0 0 0 6 0 0 0 0 
0 0 0 0 0 0 0 0 0 
0 0 0 0 0 0 0 0 0 
0 0 0 0 0 0 0 0 0 
9 0 0 4 0 0 0 0 0 



 ???????????????????
0 7 2 0 0 0 0 0 5 
0 3 0 0 0 0 0 0 0 
0 4 0 0 1 8 0 0 0 
0 0 0 0 0 0 0 0 3 
0 0 0 0 6 0 0 0 0 
0 0 0 0 0 0 0 0 0 
0 0 0 0 0 0 0 0 0 
0 0 0 0 0 0 0 0 0 
9 0 0 4 0 0 0 0 0 
*******************************************************************************************
La ficha que obtube fue: [3,4] En un angulo de:  0
*******************************************************************************************


 ???????????????????
0 7 2 0 0 0 0 0 5 
0 3 0 0 0 0 0 0 0 
0 4 0 0 1 8 0 0 0 
0 0 0 0 0 0 0 0 3 
0 0 0 0 6 0 0 0 0 
0 0 0 0 0 0 0 0 0 
0 0 4 0 0 0 0 0 0 
0 0 5 0 0 0 0 0 0 
9 0 0 4 0 0 0 0 0 
*******************************************************************************************
La ficha que obtube fue: [4,5] En un angulo de:  0
*******************************************************************************************


 ???????????????????
0 7 2 0 0 0 0 0 5 
0 3 0 0 0 0 0 0 0 
0 4 0 0 1 8 0 0 0 
0 0 0 0 0 0 0 0 3 
0 0 0 0 6 0 0 0 0 
0 0 0 0 0 0 0 0 0 
0 0 4 0 0 0 0 1 0 
0 0 5 0 0 0 0 7 0 
9 0 0 4 0 0 0 0 0 
*******************************************************************************************
La ficha que obtube fue: [1,7] En un angulo de:  0
*******************************************************************************************


 ???????????????????
0 7 2 0 0 3 0 0 5 
0 3 0 0 0 9 0 0 0 
0 4 0 0 1 8 0 0 0 
0 0 0 0 0 0 0 0 3 
0 0 0 0 6 0 0 0 0 
0 0 0 0 0 0 0 0 0 
0 0 4 0 0 0 0 1 0 
0 0 5 0 0 0 0 7 0 
9 0 0 4 0 0 0 0 0 
*******************************************************************************************
La ficha que obtube fue: [3,9] En un angulo de:  0
*******************************************************************************************



Me disculpo, falle buscnado la solucion, volvere a intentar
Este fue el tablero que quedo despues de que fallara: 
 ???????????????????
0 7 2 0 0 3 0 0 5 
0 3 0 0 0 9 0 0 0 
0 4 0 0 1 8 0 0 0 
0 0 0 0 0 0 0 0 3 
0 0 0 0 6 0 0 0 0 
0 0 0 0 0 0 0 0 0 
0 0 4 0 7 6 0 1 0 
0 0 5 0 0 0 0 7 0 
9 0 0 4 0 0 0 0 0 
************************************************************************************

Esta es la matriz original
 ???????????????????
0 7 2 0 0 0 0 0 5 
0 0 0 0 0 0 0 0 0 
0 0 0 0 1 8 0 0 0 
0 0 0 0 0 0 0 0 3 
0 0 0 0 6 0 0 0 0 
0 0 0 0 0 0 0 0 0 
0 0 0 0 0 0 0 0 0 
0 0 0 0 0 0 0 0 0 
9 0 0 4 0 0 0 0 0 




Me disculpo, falle buscnado la solucion, volvere a intentar
Este fue el tablero que quedo despues de que fallara: 
 ???????????????????
0 7 2 0 0 0 0 0 5 
0 0 0 0 0 0 0 0 0 
0 0 0 0 1 8 0 0 0 
0 0 0 0 0 0 0 0 3 
0 0 0 0 6 0 0 0 0 
0 0 0 0 0 0 0 0 0 
0 0 0 0 0 0 0 0 0 
0 0 0 0 9 6 0 0 0 
9 0 0 4 0 0 0 0 0 
************************************************************************************

Esta es la matriz original
 ???????????????????
0 7 2 0 0 0 0 0 5 
0 0 0 0 0 0 0 0 0 
0 0 0 0 1 8 0 0 0 
0 0 0 0 0 0 0 0 3 
0 0 0 0 6 0 0 0 0 
0 0 0 0 0 0 0 0 0 
0 0 0 0 0 0 0 0 0 
0 0 0 0 0 0 0 0 0 
9 0 0 4 0 0 0 0 0 



 ???????????????????
0 7 2 0 0 0 0 0 5 
0 0 0 0 0 0 0 0 0 
0 0 0 0 1 8 0 0 0 
0 0 4 0 0 0 0 0 3 
0 0 9 0 6 0 0 0 0 
0 0 0 0 0 0 0 0 0 
0 0 0 0 0 0 0 0 0 
0 0 0 0 0 0 0 0 0 
9 0 0 4 0 0 0 0 0 
*******************************************************************************************
La ficha que obtube fue: [4,9] En un angulo de:  0
*******************************************************************************************


 ???????????????????
0 7 2 0 0 0 0 0 5 
0 0 0 0 0 0 0 0 0 
0 0 0 0 1 8 0 0 0 
0 0 4 0 0 0 1 0 3 
0 0 9 0 6 0 8 0 0 
0 0 0 0 0 0 0 0 0 
0 0 0 0 0 0 0 0 0 
0 0 0 0 0 0 0 0 0 
9 0 0 4 0 0 0 0 0 
*******************************************************************************************
La ficha que obtube fue: [1,8] En un angulo de:  0
*******************************************************************************************


 ???????????????????
0 7 2 0 0 0 0 4 5 
0 0 0 0 0 0 0 6 0 
0 0 0 0 1 8 0 0 0 
0 0 4 0 0 0 1 0 3 
0 0 9 0 6 0 8 0 0 
0 0 0 0 0 0 0 0 0 
0 0 0 0 0 0 0 0 0 
0 0 0 0 0 0 0 0 0 
9 0 0 4 0 0 0 0 0 
*******************************************************************************************
La ficha que obtube fue: [4,6] En un angulo de:  0
*******************************************************************************************



Me disculpo, falle buscnado la solucion, volvere a intentar
Este fue el tablero que quedo despues de que fallara: 
 ???????????????????
0 7 2 0 0 0 0 4 5 
0 0 0 0 0 0 0 6 0 
0 0 0 0 1 8 0 0 0 
0 0 4 0 0 0 1 0 3 
0 0 9 0 6 0 8 0 0 
0 0 0 0 0 0 0 0 0 
0 0 0 0 0 0 0 7 6 
0 0 0 0 0 0 0 0 0 
9 0 0 4 0 0 0 0 0 
************************************************************************************

Esta es la matriz original
 ???????????????????
0 7 2 0 0 0 0 0 5 
0 0 0 0 0 0 0 0 0 
0 0 0 0 1 8 0 0 0 
0 0 0 0 0 0 0 0 3 
0 0 0 0 6 0 0 0 0 
0 0 0 0 0 0 0 0 0 
0 0 0 0 0 0 0 0 0 
0 0 0 0 0 0 0 0 0 
9 0 0 4 0 0 0 0 0 



 ???????????????????
0 7 2 0 0 0 0 0 5 
0 0 0 0 0 0 0 0 0 
0 0 0 0 1 8 0 0 0 
0 0 0 0 0 0 0 0 3 
0 0 0 0 6 0 0 0 0 
0 0 0 0 0 0 0 0 0 
0 0 0 0 0 0 0 7 0 
0 0 0 0 0 0 0 9 0 
9 0 0 4 0 0 0 0 0 
*******************************************************************************************
La ficha que obtube fue: [7,9] En un angulo de:  0
*******************************************************************************************



Me disculpo, falle buscnado la solucion, volvere a intentar
Este fue el tablero que quedo despues de que fallara: 
 ???????????????????
0 7 2 6 4 0 0 0 5 
0 0 0 0 0 0 0 0 0 
0 0 0 0 1 8 0 0 0 
0 0 0 0 0 0 0 0 3 
0 0 0 0 6 0 0 0 0 
0 0 0 0 0 0 0 0 0 
0 0 0 0 0 0 0 7 0 
0 0 0 0 0 0 0 9 0 
9 0 0 4 0 0 0 0 0 
************************************************************************************

Esta es la matriz original
 ???????????????????
0 7 2 0 0 0 0 0 5 
0 0 0 0 0 0 0 0 0 
0 0 0 0 1 8 0 0 0 
0 0 0 0 0 0 0 0 3 
0 0 0 0 6 0 0 0 0 
0 0 0 0 0 0 0 0 0 
0 0 0 0 0 0 0 0 0 
0 0 0 0 0 0 0 0 0 
9 0 0 4 0 0 0 0 0 



 ???????????????????
0 7 2 0 0 0 0 0 5 
0 0 0 0 0 0 0 0 0 
0 0 0 0 1 8 0 0 0 
0 0 0 0 0 0 0 0 3 
0 0 0 0 6 0 0 0 0 
0 0 0 0 0 0 0 0 0 
0 1 0 0 0 0 0 0 0 
0 3 0 0 0 0 0 0 0 
9 0 0 4 0 0 0 0 0 
*******************************************************************************************
La ficha que obtube fue: [1,3] En un angulo de:  0
*******************************************************************************************


 ???????????????????
0 7 2 0 0 0 0 0 5 
0 0 0 0 0 0 0 0 0 
0 0 0 3 1 8 0 0 0 
0 0 0 9 0 0 0 0 3 
0 0 0 0 6 0 0 0 0 
0 0 0 0 0 0 0 0 0 
0 1 0 0 0 0 0 0 0 
0 3 0 0 0 0 0 0 0 
9 0 0 4 0 0 0 0 0 
*******************************************************************************************
La ficha que obtube fue: [3,9] En un angulo de:  0
*******************************************************************************************


 ???????????????????
0 7 2 0 0 0 0 0 5 
0 0 0 0 0 0 0 0 0 
0 0 0 3 1 8 0 0 0 
0 0 0 9 0 0 0 0 3 
0 0 0 0 6 0 0 0 0 
0 0 0 0 0 0 0 0 8 
0 1 0 0 0 0 0 0 9 
0 3 0 0 0 0 0 0 0 
9 0 0 4 0 0 0 0 0 
*******************************************************************************************
La ficha que obtube fue: [8,9] En un angulo de:  0
*******************************************************************************************


 ???????????????????
0 7 2 0 0 0 0 0 5 
0 0 0 0 0 0 0 0 0 
0 0 0 3 1 8 0 0 0 
0 0 0 9 0 0 0 0 3 
0 0 0 0 6 0 0 0 0 
0 0 0 0 0 0 0 0 8 
4 1 0 0 0 0 0 0 9 
7 3 0 0 0 0 0 0 0 
9 0 0 4 0 0 0 0 0 
*******************************************************************************************
La ficha que obtube fue: [4,7] En un angulo de:  0
*******************************************************************************************



Me disculpo, falle buscnado la solucion, volvere a intentar
Este fue el tablero que quedo despues de que fallara: 
 ???????????????????
0 7 2 0 0 0 0 0 5 
0 8 1 0 0 0 0 0 0 
0 0 0 3 1 8 0 0 0 
0 0 0 9 0 0 0 0 3 
0 0 0 0 6 0 0 0 0 
0 0 0 0 0 0 0 0 8 
4 1 0 0 0 0 0 0 9 
7 3 0 0 0 0 0 0 0 
9 0 0 4 0 0 0 0 0 
************************************************************************************

Esta es la matriz original
 ???????????????????
0 7 2 0 0 0 0 0 5 
0 0 0 0 0 0 0 0 0 
0 0 0 0 1 8 0 0 0 
0 0 0 0 0 0 0 0 3 
0 0 0 0 6 0 0 0 0 
0 0 0 0 0 0 0 0 0 
0 0 0 0 0 0 0 0 0 
0 0 0 0 0 0 0 0 0 
9 0 0 4 0 0 0 0 0 




Me disculpo, falle buscnado la solucion, volvere a intentar
Este fue el tablero que quedo despues de que fallara: 
 ???????????????????
0 7 2 0 0 0 0 0 5 
0 0 0 0 0 0 0 0 0 
0 0 0 0 1 8 0 0 0 
0 0 0 0 0 0 0 0 3 
0 0 0 0 6 0 0 0 0 
0 0 0 0 0 0 0 0 0 
0 0 0 0 0 0 0 0 0 
0 0 0 0 0 0 0 0 0 
9 0 0 4 0 0 0 0 0 
************************************************************************************

Esta es la matriz original
 ???????????????????
0 7 2 0 0 0 0 0 5 
0 0 0 0 0 0 0 0 0 
0 0 0 0 1 8 0 0 0 
0 0 0 0 0 0 0 0 3 
0 0 0 0 6 0 0 0 0 
0 0 0 0 0 0 0 0 0 
0 0 0 0 0 0 0 0 0 
0 0 0 0 0 0 0 0 0 
9 0 0 4 0 0 0 0 0 



 ???????????????????
0 7 2 0 0 0 0 1 5 
0 0 0 0 0 0 0 3 0 
0 0 0 0 1 8 0 0 0 
0 0 0 0 0 0 0 0 3 
0 0 0 0 6 0 0 0 0 
0 0 0 0 0 0 0 0 0 
0 0 0 0 0 0 0 0 0 
0 0 0 0 0 0 0 0 0 
9 0 0 4 0 0 0 0 0 
*******************************************************************************************
La ficha que obtube fue: [1,3] En un angulo de:  0
*******************************************************************************************



Me disculpo, falle buscnado la solucion, volvere a intentar
Este fue el tablero que quedo despues de que fallara: 
 ???????????????????
0 7 2 0 0 0 0 1 5 
0 0 0 0 0 0 0 3 0 
0 0 0 0 1 8 0 0 0 
0 0 0 0 0 0 0 0 3 
0 0 0 0 6 0 0 0 0 
0 0 3 2 0 0 0 0 0 
0 0 0 0 0 0 0 0 0 
0 0 0 0 0 0 0 0 0 
9 0 0 4 0 0 0 0 0 
************************************************************************************

Esta es la matriz original
 ???????????????????
0 7 2 0 0 0 0 0 5 
0 0 0 0 0 0 0 0 0 
0 0 0 0 1 8 0 0 0 
0 0 0 0 0 0 0 0 3 
0 0 0 0 6 0 0 0 0 
0 0 0 0 0 0 0 0 0 
0 0 0 0 0 0 0 0 0 
0 0 0 0 0 0 0 0 0 
9 0 0 4 0 0 0 0 0 




Me disculpo, falle buscnado la solucion, volvere a intentar
Este fue el tablero que quedo despues de que fallara: 
 ???????????????????
0 7 2 0 0 0 0 0 5 
0 0 0 0 0 0 0 0 0 
0 0 0 0 1 8 0 0 0 
0 0 0 0 0 0 0 0 3 
0 0 0 0 6 0 0 0 0 
0 0 0 0 0 0 0 0 0 
0 0 0 0 0 0 0 0 0 
0 0 0 0 0 0 0 0 0 
9 0 0 4 0 0 0 0 0 
************************************************************************************

Esta es la matriz original
 ???????????????????
0 7 2 0 0 0 0 0 5 
0 0 0 0 0 0 0 0 0 
0 0 0 0 1 8 0 0 0 
0 0 0 0 0 0 0 0 3 
0 0 0 0 6 0 0 0 0 
0 0 0 0 0 0 0 0 0 
0 0 0 0 0 0 0 0 0 
0 0 0 0 0 0 0 0 0 
9 0 0 4 0 0 0 0 0 




Me disculpo, falle buscnado la solucion, volvere a intentar
Este fue el tablero que quedo despues de que fallara: 
 ???????????????????
0 7 2 0 0 0 0 0 5 
0 0 0 0 0 0 0 0 0 
0 0 0 0 1 8 0 0 0 
0 0 0 0 0 0 0 0 3 
0 0 0 0 6 0 0 0 0 
0 0 0 0 0 0 0 0 0 
0 0 0 0 0 0 0 0 0 
0 0 0 0 0 0 0 0 0 
9 0 0 4 0 0 0 0 0 
************************************************************************************

Esta es la matriz original
 ???????????????????
0 7 2 0 0 0 0 0 5 
0 0 0 0 0 0 0 0 0 
0 0 0 0 1 8 0 0 0 
0 0 0 0 0 0 0 0 3 
0 0 0 0 6 0 0 0 0 
0 0 0 0 0 0 0 0 0 
0 0 0 0 0 0 0 0 0 
0 0 0 0 0 0 0 0 0 
9 0 0 4 0 0 0 0 0 



 ???????????????????
0 7 2 0 0 0 0 0 5 
0 0 0 0 0 0 0 0 0 
0 0 0 0 1 8 0 0 0 
0 0 0 0 0 0 0 0 3 
0 0 0 0 6 0 0 0 0 
0 0 0 0 0 0 0 0 0 
0 0 0 0 0 0 0 0 0 
0 3 0 0 0 0 0 0 0 
9 6 0 4 0 0 0 0 0 
*******************************************************************************************
La ficha que obtube fue: [3,6] En un angulo de:  0
*******************************************************************************************


 ???????????????????
0 7 2 0 0 0 0 0 5 
0 0 0 0 0 0 0 0 0 
0 0 0 0 1 8 0 0 0 
0 2 0 0 0 0 0 0 3 
0 5 0 0 6 0 0 0 0 
0 0 0 0 0 0 0 0 0 
0 0 0 0 0 0 0 0 0 
0 3 0 0 0 0 0 0 0 
9 6 0 4 0 0 0 0 0 
*******************************************************************************************
La ficha que obtube fue: [2,5] En un angulo de:  0
*******************************************************************************************


 ???????????????????
0 7 2 0 0 0 0 0 5 
0 0 0 0 0 0 0 0 0 
0 0 0 0 1 8 0 0 0 
0 2 0 0 0 0 0 0 3 
0 5 0 0 6 0 0 0 0 
0 0 0 0 0 0 0 0 0 
0 0 0 0 0 0 0 0 0 
0 3 0 0 5 0 0 0 0 
9 6 0 4 7 0 0 0 0 
*******************************************************************************************
La ficha que obtube fue: [5,7] En un angulo de:  0
*******************************************************************************************


 ???????????????????
0 7 2 0 0 0 0 0 5 
1 0 0 0 0 0 0 0 0 
6 0 0 0 1 8 0 0 0 
0 2 0 0 0 0 0 0 3 
0 5 0 0 6 0 0 0 0 
0 0 0 0 0 0 0 0 0 
0 0 0 0 0 0 0 0 0 
0 3 0 0 5 0 0 0 0 
9 6 0 4 7 0 0 0 0 
*******************************************************************************************
La ficha que obtube fue: [1,6] En un angulo de:  0
*******************************************************************************************


 ???????????????????
0 7 2 0 0 0 0 0 5 
1 0 0 0 0 0 0 0 0 
6 0 0 0 1 8 0 0 0 
0 2 8 0 0 0 0 0 3 
0 5 9 0 6 0 0 0 0 
0 0 0 0 0 0 0 0 0 
0 0 0 0 0 0 0 0 0 
0 3 0 0 5 0 0 0 0 
9 6 0 4 7 0 0 0 0 
*******************************************************************************************
La ficha que obtube fue: [8,9] En un angulo de:  0
*******************************************************************************************



Me disculpo, falle buscnado la solucion, volvere a intentar
Este fue el tablero que quedo despues de que fallara: 
 ???????????????????
0 7 2 0 0 0 0 0 5 
1 0 0 0 0 0 0 0 0 
6 0 0 0 1 8 0 0 0 
0 2 8 7 4 0 0 0 3 
0 5 9 0 6 0 0 0 0 
0 0 0 0 0 0 0 0 0 
0 0 0 0 0 0 0 0 0 
0 3 0 0 5 0 0 0 0 
9 6 0 4 7 0 0 0 0 
************************************************************************************

Esta es la matriz original
 ???????????????????
0 7 2 0 0 0 0 0 5 
0 0 0 0 0 0 0 0 0 
0 0 0 0 1 8 0 0 0 
0 0 0 0 0 0 0 0 3 
0 0 0 0 6 0 0 0 0 
0 0 0 0 0 0 0 0 0 
0 0 0 0 0 0 0 0 0 
0 0 0 0 0 0 0 0 0 
9 0 0 4 0 0 0 0 0 



 ???????????????????
0 7 2 0 0 0 0 0 5 
0 0 0 0 0 0 0 0 0 
0 0 0 0 1 8 0 0 0 
0 0 0 0 0 0 0 0 3 
0 1 0 0 6 0 0 0 0 
0 5 0 0 0 0 0 0 0 
0 0 0 0 0 0 0 0 0 
0 0 0 0 0 0 0 0 0 
9 0 0 4 0 0 0 0 0 
*******************************************************************************************
La ficha que obtube fue: [1,5] En un angulo de:  0
*******************************************************************************************



Me disculpo, falle buscnado la solucion, volvere a intentar
Este fue el tablero que quedo despues de que fallara: 
 ???????????????????
0 7 2 0 0 0 0 0 5 
0 0 0 0 0 0 0 0 0 
0 0 0 0 1 8 0 0 0 
0 0 0 0 0 0 0 0 3 
0 1 0 0 6 0 0 0 0 
0 5 0 0 0 0 0 0 0 
0 0 0 0 0 0 0 0 0 
0 0 0 0 0 0 0 0 0 
9 0 0 4 0 0 0 0 0 
************************************************************************************

Esta es la matriz original
 ???????????????????
0 7 2 0 0 0 0 0 5 
0 0 0 0 0 0 0 0 0 
0 0 0 0 1 8 0 0 0 
0 0 0 0 0 0 0 0 3 
0 0 0 0 6 0 0 0 0 
0 0 0 0 0 0 0 0 0 
0 0 0 0 0 0 0 0 0 
0 0 0 0 0 0 0 0 0 
9 0 0 4 0 0 0 0 0 



 ???????????????????
1 7 2 0 0 0 0 0 5 
5 0 0 0 0 0 0 0 0 
0 0 0 0 1 8 0 0 0 
0 0 0 0 0 0 0 0 3 
0 0 0 0 6 0 0 0 0 
0 0 0 0 0 0 0 0 0 
0 0 0 0 0 0 0 0 0 
0 0 0 0 0 0 0 0 0 
9 0 0 4 0 0 0 0 0 
*******************************************************************************************
La ficha que obtube fue: [1,5] En un angulo de:  0
*******************************************************************************************


 ???????????????????
1 7 2 0 0 0 0 0 5 
5 0 0 0 0 0 0 0 0 
0 0 0 0 1 8 0 0 0 
0 0 0 0 0 0 0 0 3 
0 0 0 0 6 0 0 0 0 
0 0 6 0 0 0 0 0 0 
0 0 8 0 0 0 0 0 0 
0 0 0 0 0 0 0 0 0 
9 0 0 4 0 0 0 0 0 
*******************************************************************************************
La ficha que obtube fue: [6,8] En un angulo de:  0
*******************************************************************************************



Me disculpo, falle buscnado la solucion, volvere a intentar
Este fue el tablero que quedo despues de que fallara: 
 ???????????????????
1 7 2 0 0 0 0 0 5 
5 0 0 0 0 0 0 0 0 
0 0 0 0 1 8 0 0 0 
0 0 0 0 0 0 0 0 3 
0 0 0 0 6 0 0 0 0 
0 0 6 0 0 0 0 0 0 
0 0 8 0 0 0 0 0 0 
6 1 0 0 0 0 0 0 0 
9 0 0 4 0 0 0 0 0 
************************************************************************************

Esta es la matriz original
 ???????????????????
0 7 2 0 0 0 0 0 5 
0 0 0 0 0 0 0 0 0 
0 0 0 0 1 8 0 0 0 
0 0 0 0 0 0 0 0 3 
0 0 0 0 6 0 0 0 0 
0 0 0 0 0 0 0 0 0 
0 0 0 0 0 0 0 0 0 
0 0 0 0 0 0 0 0 0 
9 0 0 4 0 0 0 0 0 



 ???????????????????
0 7 2 0 0 0 0 0 5 
0 0 0 0 0 0 0 0 2 
0 0 0 0 1 8 0 0 7 
0 0 0 0 0 0 0 0 3 
0 0 0 0 6 0 0 0 0 
0 0 0 0 0 0 0 0 0 
0 0 0 0 0 0 0 0 0 
0 0 0 0 0 0 0 0 0 
9 0 0 4 0 0 0 0 0 
*******************************************************************************************
La ficha que obtube fue: [2,7] En un angulo de:  0
*******************************************************************************************


 ???????????????????
0 7 2 0 0 0 0 0 5 
0 0 5 0 0 0 0 0 2 
0 0 6 0 1 8 0 0 7 
0 0 0 0 0 0 0 0 3 
0 0 0 0 6 0 0 0 0 
0 0 0 0 0 0 0 0 0 
0 0 0 0 0 0 0 0 0 
0 0 0 0 0 0 0 0 0 
9 0 0 4 0 0 0 0 0 
*******************************************************************************************
La ficha que obtube fue: [5,6] En un angulo de:  0
*******************************************************************************************



Me disculpo, falle buscnado la solucion, volvere a intentar
Este fue el tablero que quedo despues de que fallara: 
 ???????????????????
0 7 2 0 0 0 0 0 5 
0 0 5 0 0 0 0 0 2 
0 0 6 0 1 8 0 0 7 
0 0 0 0 0 0 0 0 3 
0 0 0 0 6 0 0 0 0 
0 0 0 0 0 7 8 0 0 
0 0 0 0 0 0 0 0 0 
0 0 0 0 0 0 0 0 0 
9 0 0 4 0 0 0 0 0 
************************************************************************************

Esta es la matriz original
 ???????????????????
0 7 2 0 0 0 0 0 5 
0 0 0 0 0 0 0 0 0 
0 0 0 0 1 8 0 0 0 
0 0 0 0 0 0 0 0 3 
0 0 0 0 6 0 0 0 0 
0 0 0 0 0 0 0 0 0 
0 0 0 0 0 0 0 0 0 
0 0 0 0 0 0 0 0 0 
9 0 0 4 0 0 0 0 0 



 ???????????????????
0 7 2 0 0 0 0 0 5 
0 0 0 0 0 0 0 0 0 
0 0 0 0 1 8 0 0 0 
0 0 0 0 0 0 0 0 3 
0 0 0 0 6 0 0 1 0 
0 0 0 0 0 0 0 9 0 
0 0 0 0 0 0 0 0 0 
0 0 0 0 0 0 0 0 0 
9 0 0 4 0 0 0 0 0 
*******************************************************************************************
La ficha que obtube fue: [1,9] En un angulo de:  0
*******************************************************************************************



Me disculpo, falle buscnado la solucion, volvere a intentar
Este fue el tablero que quedo despues de que fallara: 
 ???????????????????
0 7 2 0 0 0 0 0 5 
0 0 0 0 0 0 0 0 0 
0 0 0 0 1 8 0 0 0 
0 0 0 0 0 0 0 0 3 
0 0 0 0 6 0 0 1 0 
0 0 0 0 0 0 0 9 0 
0 0 0 0 0 0 0 0 0 
0 0 0 0 0 0 0 0 0 
9 0 0 4 0 0 0 0 0 
************************************************************************************

Esta es la matriz original
 ???????????????????
0 7 2 0 0 0 0 0 5 
0 0 0 0 0 0 0 0 0 
0 0 0 0 1 8 0 0 0 
0 0 0 0 0 0 0 0 3 
0 0 0 0 6 0 0 0 0 
0 0 0 0 0 0 0 0 0 
0 0 0 0 0 0 0 0 0 
0 0 0 0 0 0 0 0 0 
9 0 0 4 0 0 0 0 0 




Me disculpo, falle buscnado la solucion, volvere a intentar
Este fue el tablero que quedo despues de que fallara: 
 ???????????????????
0 7 2 0 0 0 0 0 5 
0 0 0 0 0 3 1 0 0 
0 0 0 0 1 8 0 0 0 
0 0 0 0 0 0 0 0 3 
0 0 0 0 6 0 0 0 0 
0 0 0 0 0 0 0 0 0 
0 0 0 0 0 0 0 0 0 
0 0 0 0 0 0 0 0 0 
9 0 0 4 0 0 0 0 0 
************************************************************************************

Esta es la matriz original
 ???????????????????
0 7 2 0 0 0 0 0 5 
0 0 0 0 0 0 0 0 0 
0 0 0 0 1 8 0 0 0 
0 0 0 0 0 0 0 0 3 
0 0 0 0 6 0 0 0 0 
0 0 0 0 0 0 0 0 0 
0 0 0 0 0 0 0 0 0 
0 0 0 0 0 0 0 0 0 
9 0 0 4 0 0 0 0 0 



 ???????????????????
0 7 2 0 0 3 0 0 5 
0 0 0 0 0 9 0 0 0 
0 0 0 0 1 8 0 0 0 
0 0 0 0 0 0 0 0 3 
0 0 0 0 6 0 0 0 0 
0 0 0 0 0 0 0 0 0 
0 0 0 0 0 0 0 0 0 
0 0 0 0 0 0 0 0 0 
9 0 0 4 0 0 0 0 0 
*******************************************************************************************
La ficha que obtube fue: [3,9] En un angulo de:  0
*******************************************************************************************



Me disculpo, falle buscnado la solucion, volvere a intentar
Este fue el tablero que quedo despues de que fallara: 
 ???????????????????
0 7 2 0 0 3 0 0 5 
0 0 0 0 0 9 0 0 0 
0 0 0 0 1 8 0 0 0 
0 0 0 0 0 0 0 0 3 
0 0 0 0 6 0 0 0 0 
0 0 0 0 0 0 0 0 0 
0 0 0 0 0 0 0 0 0 
0 0 6 9 0 0 0 0 0 
9 0 0 4 0 0 0 0 0 
************************************************************************************

Esta es la matriz original
 ???????????????????
0 7 2 0 0 0 0 0 5 
0 0 0 0 0 0 0 0 0 
0 0 0 0 1 8 0 0 0 
0 0 0 0 0 0 0 0 3 
0 0 0 0 6 0 0 0 0 
0 0 0 0 0 0 0 0 0 
0 0 0 0 0 0 0 0 0 
0 0 0 0 0 0 0 0 0 
9 0 0 4 0 0 0 0 0 



 ???????????????????
0 7 2 0 0 0 0 0 5 
0 0 0 0 0 0 0 0 0 
0 0 6 0 1 8 0 0 0 
0 0 8 0 0 0 0 0 3 
0 0 0 0 6 0 0 0 0 
0 0 0 0 0 0 0 0 0 
0 0 0 0 0 0 0 0 0 
0 0 0 0 0 0 0 0 0 
9 0 0 4 0 0 0 0 0 
*******************************************************************************************
La ficha que obtube fue: [6,8] En un angulo de:  0
*******************************************************************************************


 ???????????????????
0 7 2 0 0 0 0 0 5 
0 0 0 0 0 0 0 0 0 
0 0 6 0 1 8 0 0 0 
0 0 8 0 0 0 0 2 3 
0 0 0 0 6 0 0 5 0 
0 0 0 0 0 0 0 0 0 
0 0 0 0 0 0 0 0 0 
0 0 0 0 0 0 0 0 0 
9 0 0 4 0 0 0 0 0 
*******************************************************************************************
La ficha que obtube fue: [2,5] En un angulo de:  0
*******************************************************************************************


No puede poner el dato 8 en [8][3]
 ???????????????????
0 7 2 0 0 0 0 0 5 
0 0 0 0 0 0 0 0 0 
0 0 6 0 1 8 0 0 0 
0 0 8 0 0 0 0 2 3 
0 0 0 0 6 0 0 5 0 
0 0 0 0 0 0 0 0 0 
0 0 0 0 0 0 0 0 0 
0 0 0 1 0 0 0 0 0 
9 0 0 4 0 0 0 0 0 
*******************************************************************************************
La ficha que obtube fue: [1,8] En un angulo de:  0
*******************************************************************************************


 ???????????????????
0 7 2 0 0 0 0 0 5 
0 0 0 0 0 0 0 0 0 
0 0 6 0 1 8 0 0 0 
0 0 8 0 0 0 0 2 3 
0 0 0 0 6 0 0 5 0 
0 0 0 0 0 0 0 0 0 
0 0 0 0 0 0 0 6 0 
0 0 0 1 0 0 0 7 0 
9 0 0 4 0 0 0 0 0 
*******************************************************************************************
La ficha que obtube fue: [6,7] En un angulo de:  0
*******************************************************************************************


 ???????????????????
0 7 2 0 0 0 0 0 5 
0 0 0 0 0 0 0 0 0 
0 0 6 0 1 8 0 0 0 
0 0 8 0 0 0 0 2 3 
0 0 0 0 6 0 0 5 0 
0 0 0 0 0 0 0 0 0 
0 0 0 0 0 0 0 6 0 
0 0 0 1 0 0 0 7 2 
9 0 0 4 0 0 0 0 8 
*******************************************************************************************
La ficha que obtube fue: [2,8] En un angulo de:  0
*******************************************************************************************



Me disculpo, falle buscnado la solucion, volvere a intentar
Este fue el tablero que quedo despues de que fallara: 
 ???????????????????
0 7 2 0 0 0 0 0 5 
0 0 0 0 0 0 0 1 6 
0 0 6 0 1 8 0 0 0 
0 0 8 0 0 0 0 2 3 
0 0 0 0 6 0 0 5 0 
0 0 0 0 0 0 0 0 0 
0 0 0 0 0 0 0 6 0 
0 0 0 1 0 0 0 7 2 
9 0 0 4 0 0 0 0 8 
************************************************************************************

Esta es la matriz original
 ???????????????????
0 7 2 0 0 0 0 0 5 
0 0 0 0 0 0 0 0 0 
0 0 0 0 1 8 0 0 0 
0 0 0 0 0 0 0 0 3 
0 0 0 0 6 0 0 0 0 
0 0 0 0 0 0 0 0 0 
0 0 0 0 0 0 0 0 0 
0 0 0 0 0 0 0 0 0 
9 0 0 4 0 0 0 0 0 



 ???????????????????
0 7 2 0 0 0 0 0 5 
0 0 0 0 0 0 0 0 0 
0 0 0 0 1 8 0 0 0 
0 0 0 0 0 0 0 0 3 
0 0 1 0 6 0 0 0 0 
0 0 3 0 0 0 0 0 0 
0 0 0 0 0 0 0 0 0 
0 0 0 0 0 0 0 0 0 
9 0 0 4 0 0 0 0 0 
*******************************************************************************************
La ficha que obtube fue: [1,3] En un angulo de:  0
*******************************************************************************************



Me disculpo, falle buscnado la solucion, volvere a intentar
Este fue el tablero que quedo despues de que fallara: 
 ???????????????????
0 7 2 0 0 0 0 0 5 
0 0 0 0 0 0 0 0 0 
0 0 5 3 1 8 0 0 0 
0 0 0 0 0 0 0 0 3 
0 0 1 0 6 0 0 0 0 
0 0 3 0 0 0 0 0 0 
0 0 0 0 0 0 0 0 0 
0 0 0 0 0 0 0 0 0 
9 0 0 4 0 0 0 0 0 
************************************************************************************

Esta es la matriz original
 ???????????????????
0 7 2 0 0 0 0 0 5 
0 0 0 0 0 0 0 0 0 
0 0 0 0 1 8 0 0 0 
0 0 0 0 0 0 0 0 3 
0 0 0 0 6 0 0 0 0 
0 0 0 0 0 0 0 0 0 
0 0 0 0 0 0 0 0 0 
0 0 0 0 0 0 0 0 0 
9 0 0 4 0 0 0 0 0 



 ???????????????????
0 7 2 0 0 0 0 0 5 
0 0 0 0 0 0 0 0 0 
0 0 0 0 1 8 0 0 0 
0 0 0 0 0 0 0 0 3 
0 0 0 0 6 0 0 0 0 
0 0 0 0 0 0 0 0 0 
0 2 0 0 0 0 0 0 0 
0 4 0 0 0 0 0 0 0 
9 0 0 4 0 0 0 0 0 
*******************************************************************************************
La ficha que obtube fue: [2,4] En un angulo de:  0
*******************************************************************************************


 ???????????????????
0 7 2 0 0 0 0 0 5 
0 0 0 0 0 0 0 0 0 
0 0 0 0 1 8 0 0 0 
0 0 0 0 0 0 0 0 3 
0 0 0 0 6 0 0 0 0 
0 0 0 0 0 0 0 5 0 
0 2 0 0 0 0 0 6 0 
0 4 0 0 0 0 0 0 0 
9 0 0 4 0 0 0 0 0 
*******************************************************************************************
La ficha que obtube fue: [5,6] En un angulo de:  0
*******************************************************************************************


 ???????????????????
0 7 2 0 0 0 0 0 5 
0 0 0 0 0 0 0 0 0 
0 0 0 0 1 8 0 0 0 
0 0 0 0 0 0 0 0 3 
0 0 0 0 6 0 0 0 0 
0 0 0 0 0 0 1 5 0 
0 2 0 0 0 0 9 6 0 
0 4 0 0 0 0 0 0 0 
9 0 0 4 0 0 0 0 0 
*******************************************************************************************
La ficha que obtube fue: [1,9] En un angulo de:  0
*******************************************************************************************


 ???????????????????
0 7 2 0 0 0 0 0 5 
0 0 0 0 0 0 0 0 0 
0 0 0 0 1 8 0 0 0 
0 0 0 0 0 0 0 0 3 
0 3 0 0 6 0 0 0 0 
0 6 0 0 0 0 1 5 0 
0 2 0 0 0 0 9 6 0 
0 4 0 0 0 0 0 0 0 
9 0 0 4 0 0 0 0 0 
*******************************************************************************************
La ficha que obtube fue: [3,6] En un angulo de:  0
*******************************************************************************************


 ???????????????????
0 7 2 0 0 0 0 0 5 
0 0 0 0 0 0 0 0 6 
0 0 0 0 1 8 0 0 9 
0 0 0 0 0 0 0 0 3 
0 3 0 0 6 0 0 0 0 
0 6 0 0 0 0 1 5 0 
0 2 0 0 0 0 9 6 0 
0 4 0 0 0 0 0 0 0 
9 0 0 4 0 0 0 0 0 
*******************************************************************************************
La ficha que obtube fue: [6,9] En un angulo de:  0
*******************************************************************************************


 ???????????????????
0 7 2 0 0 0 0 0 5 
0 0 0 0 0 0 0 0 6 
0 0 0 0 1 8 0 0 9 
0 0 0 0 0 0 0 0 3 
0 3 0 0 6 0 0 0 0 
0 6 0 0 0 0 1 5 0 
0 2 0 0 0 0 9 6 1 
0 4 0 0 0 0 0 0 8 
9 0 0 4 0 0 0 0 0 
*******************************************************************************************
La ficha que obtube fue: [1,8] En un angulo de:  0
*******************************************************************************************


No puede poner el dato 7 en [2][4]
 ???????????????????
0 7 2 0 0 0 0 0 5 
0 0 0 0 3 0 0 0 6 
0 0 0 0 1 8 0 0 9 
0 0 0 0 0 0 0 0 3 
0 3 0 0 6 0 0 0 0 
0 6 0 0 0 0 1 5 0 
0 2 0 0 0 0 9 6 1 
0 4 0 0 0 0 0 0 8 
9 0 0 4 0 0 0 0 0 
*******************************************************************************************
La ficha que obtube fue: [3,7] En un angulo de:  0
*******************************************************************************************


 ???????????????????
0 7 2 0 0 0 0 0 5 
0 0 0 0 3 0 0 0 6 
0 0 0 0 1 8 0 0 9 
0 0 0 0 0 0 0 0 3 
0 3 0 0 6 0 0 0 0 
0 6 0 0 0 0 1 5 0 
0 2 0 0 0 0 9 6 1 
0 4 0 0 0 0 2 0 8 
9 0 0 4 0 0 7 0 0 
*******************************************************************************************
La ficha que obtube fue: [2,7] En un angulo de:  0
*******************************************************************************************


 ???????????????????
0 7 2 0 0 0 0 0 5 
0 0 0 0 3 0 0 0 6 
0 0 0 0 1 8 0 0 9 
0 0 0 0 0 0 0 0 3 
0 3 8 0 6 0 0 0 0 
0 6 9 0 0 0 1 5 0 
0 2 0 0 0 0 9 6 1 
0 4 0 0 0 0 2 0 8 
9 0 0 4 0 0 7 0 0 
*******************************************************************************************
La ficha que obtube fue: [8,9] En un angulo de:  0
*******************************************************************************************


 ???????????????????
0 7 2 0 0 0 0 0 5 
0 0 0 0 3 0 0 0 6 
0 0 0 0 1 8 0 0 9 
0 0 0 0 0 0 0 0 3 
2 3 8 0 6 0 0 0 0 
7 6 9 0 0 0 1 5 0 
0 2 0 0 0 0 9 6 1 
0 4 0 0 0 0 2 0 8 
9 0 0 4 0 0 7 0 0 
*******************************************************************************************
La ficha que obtube fue: [2,7] En un angulo de:  0
*******************************************************************************************


 ???????????????????
0 7 2 0 0 0 0 0 5 
0 0 0 0 3 0 0 0 6 
0 0 0 0 1 8 0 0 9 
0 0 0 0 0 0 0 4 3 
2 3 8 0 6 0 0 9 0 
7 6 9 0 0 0 1 5 0 
0 2 0 0 0 0 9 6 1 
0 4 0 0 0 0 2 0 8 
9 0 0 4 0 0 7 0 0 
*******************************************************************************************
La ficha que obtube fue: [4,9] En un angulo de:  0
*******************************************************************************************



Me disculpo, falle buscnado la solucion, volvere a intentar
Este fue el tablero que quedo despues de que fallara: 
 ???????????????????
0 7 2 0 0 0 0 0 5 
0 0 0 0 3 5 8 0 6 
0 0 0 0 1 8 0 0 9 
0 0 0 0 0 0 0 4 3 
2 3 8 0 6 0 0 9 0 
7 6 9 0 0 0 1 5 0 
0 2 0 0 0 0 9 6 1 
0 4 0 0 0 0 2 0 8 
9 0 0 4 0 0 7 0 0 
Ejecuciones Exitosas: 0
Ejecuciones Fracasadas: 50
Maximas piezas usadas 15
Minimas piezas usadas 0
Promedio piezas usadas 2.22
BUILD SUCCESSFUL (total time: 1 second)
